3.286454338235331534e+02 3.399952477104005766e+02
3.746085955339543148e+02 2.543034641836907781e+02
5.072529503416620287e+02 3.086266273357121008e+02
3.740802184243439683e+02 6.802968019384272793e+02
2.926226805096649741e+02 6.436636062201388313e+02
9.185026262075126624e+01 5.245614432711992094e+02
3.004053614187945982e+02 4.094669898584731982e+02
3.992244123267375357e+02 7.727341086738132390e+02
3.846639124234378642e+02 6.817805280389686686e+02
1.537674438618615227e+02 4.810186830422616140e+02
2.535371148343727441e+02 7.798448912026078688e+02
3.246555977844834615e+02 2.764248685551540348e+02
2.712701565143904645e+02 8.141742125843252325e+02
2.753211815104002085e+02 6.356565824813186509e+02
4.836629015284322577e+02 4.770899547540662979e+02
5.498626401369790528e+02 3.726221085551435408e+02
6.481708862455218423e+01 4.083766403464634323e+02
2.366109712586915634e+02 5.259094075332185412e+02
2.563750466060705548e+02 4.448407100628887747e+02
6.437854536170178221e+01 4.623238190130575731e+02
6.019109621245323751e+02 5.115172634129968401e+02
4.710734526973039920e+02 7.216770176230041898e+02
4.847799157732465574e+02 4.917687706694633789e+02
1.761275792465683026e+02 3.963058050731098092e+02
2.840537549367119823e+02 3.921155738121809691e+02
2.313573279661407867e+02 7.825605006330483775e+02
1.018641283133056561e+02 3.694104596727893295e+02
3.090642401980235263e+02 2.356047150400194710e+02
1.428399418981177007e+02 3.163046720935436724e+02
5.257743890709901962e+02 4.054456043316872069e+02
4.534494353830021964e+02 3.970377914437179925e+02
1.325297332826677348e+02 2.942244067834214434e+02
2.834546841735520388e+02 6.023841754878983465e+02
2.395720778771259347e+02 3.677541308548160828e+02
2.872063364061430093e+02 6.403868178482250642e+02
4.777161117422155030e+02 6.922561055200574174e+02
1.732523683220463795e+02 4.561016275297388347e+02
8.217591583566269264e+01 6.645386403531599626e+02
6.393679811381920786e+01 4.220663276140483049e+02
3.770217389578809275e+02 4.295558421211088671e+02
4.770115587915763626e+02 6.369879178253339660e+02
1.480709057444679786e+02 7.272487976095228532e+02
4.092322214698131120e+02 5.024450921453069441e+02
4.286905953109556435e+02 4.549315140938367676e+02
5.961618829143551466e+02 4.619002083624512238e+02
4.895662947260223063e+02 5.796152434607803343e+02
4.565484623728012821e+02 3.859486088647805673e+02
3.318272618253707833e+02 3.299844310899744073e+02
3.144011387905924266e+02 6.184383563600268872e+02
3.536085685905906075e+02 5.542798068090160086e+02
3.574580307061098097e+02 6.364511326676531553e+02
3.128791559587631923e+02 2.297698246792717782e+02
4.878015379999475840e+02 4.645453282312141710e+02
3.708432506833435696e+02 2.780350092036273963e+02
4.100808821655641623e+02 7.621482412148152434e+02
5.967322908266748982e+01 5.005622481811414559e+02
5.663150081643591420e+02 6.645193886101424141e+02
4.061469968491638838e+01 4.800783836422302784e+02
4.042952906331891541e+02 6.271270776884880433e+02
3.756557020569572956e+02 7.218595039805176157e+02
4.938104711260096451e+02 6.696446457880834942e+02
1.477318080998647361e+02 3.428337032075830280e+02
4.528994958453830577e+02 4.742120480925838137e+02
1.141557454423564764e+02 4.869980767216112554e+02
2.236681374407945668e+02 6.582273962969991317e+02
1.400368240610416706e+02 5.106175363075148539e+02
4.288053479318924701e+02 5.121430482900165089e+02
2.334740526612311555e+02 4.367708175582849321e+02
2.015693647474775219e+02 6.404620321644740670e+02
5.614224732786216236e+02 4.804235951843118642e+02
3.564686784205359800e+02 2.846342098109474819e+02
5.199833874444251478e+02 5.721272098662306007e+02
5.033666697783792188e+02 5.014181334670643650e+02
1.318752235097468315e+02 7.551902745595175475e+02
2.767553968968085201e+02 6.957040647116801892e+02
2.275518073488607911e+02 7.092833808853044957e+02
2.039293652768927245e+02 3.933930063079777710e+02
9.089461699709846698e+01 5.372983891294991281e+02
2.741743203105761495e+02 7.683324531269656745e+02
5.707215335095702358e+02 4.264751408412922160e+02
6.644299042316376358e+01 6.731097892234914752e+02
2.806552121369732049e+02 7.628955005025304672e+02
4.620913773218335336e+02 3.408364320350415824e+02
6.536096231213062424e+01 5.795141276216090773e+02
2.723784008171898563e+02 4.085600544557477747e+02
1.387452723967419388e+02 5.698036518830685964e+02
2.993360422415793209e+02 2.286314678664882649e+02
4.033614286237636293e+02 5.582299640505747220e+02
5.383331987424022600e+02 6.221166998839124744e+02
2.324489877007307541e+02 7.709653637994238125e+02
2.186571456395124073e+02 4.433913497864936630e+02
5.479523720748252344e+02 5.396971236723280754e+02
2.240392277221234849e+02 5.959552202167424184e+02
2.192978631245894690e+02 3.322002285886337631e+02
4.433563533687166682e+02 4.375956316457002231e+02
2.965341751036344249e+02 7.772983980911866411e+02
5.252372197754525587e+02 6.851436188913393153e+02
4.445474404590020185e+02 2.845540423196340498e+02
7.095960766664438779e+01 4.331772994120634053e+02
5.675247040042240769e+02 5.276206569814254408e+02
1.728757360890411690e+02 6.731948208643935914e+02
3.439500741556826711e+02 2.263260427870492890e+02
2.637677637866719920e+02 7.912740877259973331e+02
2.381460306434240692e+02 7.746172383769658154e+02
5.301433480025837071e+02 6.513306307753931605e+02
4.054839653383227187e+02 7.555820860811508055e+02
2.966809324286905962e+02 6.618461336441122285e+02
1.601278435621345011e+02 3.287278239068104995e+02
3.390505657933206862e+02 7.343418173877046229e+02
9.263506888606531220e+01 5.004670447058268792e+02
2.178803927139759082e+02 2.687598867454638594e+02
5.114298146781086416e+02 3.226390056374501114e+02
3.530056993525620328e+02 3.990025417226719924e+02
3.899780682280378414e+02 4.602128899874841181e+02
4.097605331659829631e+02 3.920252560465547731e+02
9.190736243221820700e+01 6.084325169139465288e+02
2.299065057146432878e+02 4.704307719531556131e+02
3.601836260045021163e+02 2.873335359687932851e+02
1.394316001389324526e+02 4.600192889282892565e+02
1.998510697996864849e+02 4.167372617025494037e+02
1.056626238056211662e+02 4.186093145345969333e+02
2.901451318324239992e+02 3.139191147938013273e+02
4.493966111756729447e+02 5.087729360029541681e+02
4.951324602691979635e+02 7.260701607340590726e+02
5.329414597865943506e+02 7.139095623845383898e+02
2.715233026185431982e+02 4.033793059943855610e+02
4.504655272018208052e+02 5.741927637675737515e+02
6.535530133573402622e+01 4.241648082726312623e+02
1.547822894408760703e+02 5.332924983068198799e+02
4.634048130489054529e+02 6.262368881315808267e+02
3.258073067230031938e+02 4.649133384088484604e+02
3.234729308996662667e+02 5.255784260005682427e+02
1.742454175075711476e+02 4.662661051973215649e+02
1.404079455007947672e+02 5.984199763047795386e+02
2.902903868136104393e+02 7.039687317937555235e+02
2.860156390611422239e+01 5.321426243734995296e+02
5.190727407647584641e+02 6.194087006384934284e+02
4.453738532791259104e+02 6.019909241796202650e+02
3.207488149781954121e+02 8.132244987319918437e+02
5.806289738924331232e+02 4.086972372487759344e+02
1.281251304020525765e+02 7.105482600367041641e+02
3.925200017921942504e+02 7.288628540603714328e+02
3.277937964458561737e+02 4.619067516958602937e+02
4.394279855393049274e+02 6.889406217401283357e+02
4.838973304161005444e+02 3.284353967701323427e+02
2.795938022189595245e+02 6.219422548914819799e+02
4.688236596550671607e+02 5.752145179513395306e+02
1.140479776792859354e+02 4.300337805369033504e+02
3.681229715810998186e+02 7.962258497351906499e+02
3.172904651330918000e+02 5.375061696654493062e+02
2.340249441217099218e+02 7.877554968158242445e+02
5.969980011105708400e+02 4.599161461877256443e+02
3.976120951491693063e+02 7.124699847076310562e+02
3.774207057372012741e+02 5.591957560406285666e+02
4.509539738177658137e+02 3.463992342929975621e+02
4.941441332007347569e+02 4.390200872357564208e+02
4.557624866552173444e+02 4.026137983515633891e+02
5.132444561959860039e+02 4.419268663091286271e+02
4.269827292434862329e+02 4.287945965155621479e+02
4.103813048050046746e+02 2.594751673023561693e+02
1.841393812553945963e+01 5.205269327606681600e+02
4.210465438745449092e+02 5.170501728560745960e+02
5.463549972879854977e+02 3.529510377975811934e+02
5.338536532978366722e+02 6.981469172891787593e+02
9.552832341494058710e+01 5.601806340001132867e+02
2.686226260218379025e+02 5.811615684604015541e+02
1.951329365386314123e+02 4.320216884448440169e+02
1.595145035222614069e+02 5.929801664430697201e+02
1.827937528066987056e+02 2.935545807402806986e+02
5.044423775853549614e+02 4.715072471745789926e+02
1.063728046060224131e+02 6.541527325686065524e+02
1.202843436494729019e+02 6.469090688012064447e+02
3.285034247787493769e+02 2.388310275298811689e+02
4.288227026911272333e+02 3.557143611466995026e+02
4.740587302199177202e+02 5.042564835191718089e+02
1.576228614909863950e+02 3.251466093306934226e+02
2.210895574464122433e+02 7.634684810780017870e+02
3.877789933883791491e+02 6.888090393362858777e+02
8.572382081316891345e+01 6.430226595415133488e+02
4.612560848515407201e+02 4.149508960515618128e+02
1.782032782437334504e+02 7.618778024727494085e+02
2.681519633248407786e+02 7.572471860053760793e+02
2.783623114301002488e+02 6.896648741491006831e+02
5.228507172370436820e+02 6.698455676427702201e+02
4.432057934662623211e+02 6.952522915977466482e+02
2.948659075512551908e+01 5.862486279714346438e+02
4.309444265230481506e+02 4.330590460518403688e+02
1.786227257507731849e+02 4.316480674051389315e+02
4.920359766429713773e+02 6.905017732314669274e+02
3.654364422188739923e+02 5.826220026819729583e+02
3.533971731103505363e+02 6.608848688296782257e+02
3.139420852325528699e+02 2.284963547859453570e+02
5.006568029532368200e+02 6.949055246002252488e+02
2.255275606964618760e+02 4.754558618756061037e+02
9.139129317533161156e+01 5.740138531719244384e+02
3.509020672073327205e+02 3.453963661075016489e+02
3.841372864161559164e+02 6.231716079806743664e+02
5.068951941141723410e+02 5.269395749472898842e+02
5.338547922413115430e+02 6.838595194271628088e+02
1.345938997519528186e+02 5.023178842341117161e+02
1.237820365176821440e+02 4.582463333438136601e+02
1.826311142537892351e+02 3.521734865460754236e+02
4.430834396087526557e+02 7.680632110576320883e+02
4.338007377081767117e+02 4.212893520159306036e+02
4.705843528305012455e+02 6.002066417990317859e+02
1.910138466846054541e+02 6.231200593366100975e+02
1.657994172718356367e+02 7.732759543164689831e+02
3.669706565696824896e+02 3.103688330383506582e+02
2.662450735114208555e+02 7.142143485910472691e+02
4.744863625411474004e+02 7.369453667188166719e+02
2.476373357384300107e+02 4.793210310386510855e+02
5.580932682648782475e+02 5.282920145868982900e+02
5.077361144583534269e+02 4.219639462902190417e+02
3.718656857035661574e+02 8.077137971695890428e+02
2.871965869075878572e+02 5.376406839993383073e+02
2.911075060991617534e+02 3.044891212674631902e+02
3.164964981487646014e+02 4.772880776478018561e+02
3.211493119265074938e+02 6.133432057597891571e+02
5.506723260446826771e+02 5.338243063433199040e+02
3.456930553709475475e+02 4.377381257520728468e+02
1.999430020610853376e+02 3.472840142867992199e+02
2.314873248979065750e+02 5.809855994771207861e+02
4.635638252615481179e+02 3.551739148549629590e+02
2.202714931794065478e+02 8.056077166145237243e+02
3.277911169024981177e+02 4.234505648725098581e+02
4.185610077873821524e+02 5.138902047945571212e+02
2.572803847417212637e+02 6.790868291368233258e+02
4.782638141356666210e+02 2.912604446155531832e+02
4.926450599086315378e+02 3.958273969696244876e+02
3.919121613229815466e+02 4.318662099819130731e+02
1.573165535393775372e+02 4.917717143444256749e+02
3.287002152344881551e+02 5.635029715115979343e+02
2.833546437535501354e+02 2.940491752222451396e+02
4.205450033300085693e+02 5.499614935649099152e+02
4.230164891951494610e+01 5.093016594088538227e+02
4.475123588208174965e+02 5.924363578964606631e+02
2.172889420880322859e+02 7.444013159607305852e+02
3.149601647513352418e+02 4.416756662321629392e+02
1.568697648437816099e+02 3.613089698247198385e+02
3.836683782225530308e+02 2.958746957528829853e+02
9.080041181171122844e+01 3.156485804957886785e+02
1.907446327985647656e+02 7.034475846762056790e+02
3.172476729505489743e+02 5.779021716227213119e+02
5.480611180188450362e+02 5.492701196103398615e+02
1.734102755462196797e+02 7.048602696201745630e+02
4.169050359641328214e+02 4.659022304597823450e+02
1.037518188169971154e+02 3.033945764203116369e+02
9.226363653154331246e+01 5.051146042231798674e+02
3.517990853584329898e+02 2.856095258051147994e+02
5.223980968683608808e+02 7.271659856915853197e+02
1.039352138810020847e+02 5.547506953587463840e+02
2.687937775294742551e+02 2.574295943682753887e+02
3.643610629303154838e+02 3.367183054569746332e+02
3.873764879532383247e+02 5.902065804531424646e+02
7.618064174915073750e+01 6.718989510069752669e+02
4.402225648347796323e+02 5.647974009465867766e+02
5.137964953239938950e+02 3.839603058417739589e+02
1.928295715854036132e+02 5.384963545350100276e+02
3.598989021080424209e+02 6.194087899527742138e+02
3.317740414043512942e+02 4.059377278247327467e+02
4.698046964907135816e+02 3.234665911240130072e+02
1.487470733419269209e+01 5.171496828298128321e+02
1.963444952215372439e+02 3.908806739200148286e+02
1.848012063330015735e+02 3.424813615513543255e+02
5.522611442119605272e+02 6.378043081823331022e+02
3.174514353469128309e+02 6.263074159242486303e+02
3.019345463663835858e+02 6.595144065037588916e+02
1.213689530297738202e+02 7.459240621194200003e+02
5.079393393467101987e+02 5.559903411205795010e+02
5.113471167587047717e+02 3.273908319277379633e+02
1.819754200846880394e+02 7.613258771908767812e+02
1.363604937147255498e+02 3.740325642771840080e+02
4.497511904425763305e+02 5.044564631824441108e+02
5.536359184703957226e+02 4.220932627848177390e+02
4.196082058748576173e+02 4.649860308121053549e+02
1.378423354881339549e+02 2.771191670145943817e+02
5.325102496047325076e+02 3.948621395717448195e+02
1.341594467135507500e+02 5.760158208750734730e+02
3.418668078600604190e+02 3.752993475489527668e+02
4.946312980598942204e+02 7.416318634563934893e+02
1.532268237730478688e+02 4.244354297549437547e+02
4.928150760308756162e+01 4.730102279560680358e+02
2.774019082142378352e+02 5.501480665938526045e+02
1.984599502089592420e+02 5.125027282431561844e+02
4.363452628665232851e+02 6.928952654235989712e+02
1.790213619979188877e+02 3.904903612044606689e+02
1.754017316891929568e+01 5.532203953053368650e+02
3.287690592589162293e+02 4.635226515156293772e+02
4.440803465267869115e+02 5.677210656662060728e+02
2.957263518199428631e+02 3.889034690440519171e+02
3.984141362127445518e+02 7.360709876433337513e+02
2.483032672021855660e+02 7.190474636591974331e+02
1.311748571350902353e+02 7.272014835646377833e+02
4.005453543378179688e+02 4.504697295216617476e+02
4.297663585299445117e+02 4.850928606356297337e+02
4.906759271210952420e+02 7.174021255355049789e+02
5.857602257525755363e+01 5.951210090622138296e+02
4.041644002555489124e+02 5.125441657456404982e+02
5.048694485936632645e+02 3.980519194127426772e+02
2.772152633038953695e+02 4.979782416013820239e+02
3.233083055857946988e+02 5.899567808872141086e+02
4.064346044872776815e+02 2.758518216904525389e+02
4.053450520826868342e+01 6.150208927339162983e+02
6.916804483302769313e+01 4.825258325612898034e+02
1.150774407020722094e+02 5.528574275004161791e+02
3.169110380648954219e+02 6.957038611388052232e+02
3.593233073632871992e+02 3.886462005009599352e+02
3.161770873750562032e+02 4.651468489906304740e+02
4.098171738590731366e+02 2.642924183056708785e+02
6.555811616901124239e+01 5.308242074912428734e+02
1.549391053860716454e+02 4.419981055459697927e+02
4.834934806466674218e+02 7.213669203898765545e+02
2.512051703247614967e+02 3.944103914268387143e+02
4.742383217952544214e+02 5.817587817893551119e+02
2.410967126304813632e+02 2.379600641096371874e+02
8.814235367329158066e+01 4.424602168480297451e+02
3.695335457129749557e+01 6.032557362198749615e+02
4.528249281934696455e+02 6.581064113592110516e+02
7.884424134340906676e+01 4.424543315806772625e+02
5.081352021496934412e+02 6.295857368516783481e+02
2.164342852105980910e+02 2.757372046996961217e+02
2.632407331747514263e+02 4.712413550838236347e+02
2.481145159176741117e+02 3.144120942684226065e+02
5.449436225065164763e+02 3.810679383364069963e+02
2.204255574298015006e+02 4.347195460848714106e+02
3.518963520780534964e+02 3.209066688223894062e+02
2.715396221983206715e+01 5.958488411135017486e+02
4.400407969599954185e+02 7.497793206396069081e+02
2.314794963015801557e+02 5.000180711026516747e+02
2.478243195245228208e+02 4.657191226925576757e+02
2.818111995502325158e+02 3.247530668764003394e+02
1.733359472296028798e+02 5.390899290812664049e+02
5.316464413634433868e+02 4.543012036045840318e+02
4.554424956807946501e+01 4.078408678275729358e+02
7.673587203996555672e+01 4.990533486148039515e+02
3.963120372414676353e+02 2.708412772792529495e+02
2.426475345350226860e+02 5.474915652092455502e+02
4.196812013792295488e+02 2.770941405095466052e+02
3.184097908137499644e+02 4.115984317449009495e+02
4.811138279841347867e+02 3.464115888478229408e+02
4.436131502372302293e+01 3.883009896754832653e+02
1.573034892860279967e+02 6.178333690202091475e+02
2.796864471573554738e+02 3.910804527704075326e+02
4.631722179286011283e+02 6.403603034247521464e+02
2.193239758221048703e+02 7.836535728579133320e+02
4.454315824632286649e+02 7.694114134760561683e+02
8.298709300630912367e+01 3.684226259556215268e+02
3.459843882962548491e+02 5.448584603206098791e+02
2.160754176480498927e+02 6.547225907090401051e+02
4.868646085110992772e+02 7.427049486885360920e+02
3.117538796508785595e+02 7.680561728464803082e+02
1.352069033168912711e+02 7.355165510894863701e+02
5.682950308105682780e+02 4.126224441394733731e+02
3.106128109744718699e+02 7.705466996009706691e+02
6.515350762598441747e+01 3.619278275251250534e+02
4.566723799373272641e+02 7.550685969921614742e+02
4.572069431235935326e+02 2.825897833219482891e+02
3.359024506571136044e+02 5.558615385437824443e+02
2.397933715792169096e+01 5.522894134400457915e+02
4.028667368959696091e+02 3.431912387617404079e+02
4.968988173960707400e+02 6.880451925918403049e+02
4.871958361066600105e+02 5.693441267397644197e+02
1.066448906467968243e+02 6.938408891196934292e+02
1.851765749730681136e+02 3.557729255806378887e+02
1.619889664297885190e+02 5.754056691450174412e+02
1.558944809592043725e+02 5.133102005882730055e+02
1.193053965237572811e+02 4.368486056303350438e+02
5.948042525543218062e+01 6.036305591707886151e+02
4.742796753486851458e+02 3.150759157010912759e+02
1.793330766746361746e+02 7.616943512755121901e+02
3.466909067952325927e+02 4.769443662608498471e+02
3.426046804075530758e+02 5.674252072145374086e+02
1.613769392605636597e+02 5.873182048285588053e+02
2.532115670141588453e+02 7.924600090015660498e+02
1.160235316424229097e+02 7.116317009611811955e+02
4.961873716388842013e+02 2.867621152562838915e+02
4.081653514716980453e+02 2.996367395951650678e+02
1.146576620709153644e+02 5.738656642453534005e+02
4.823883242591068665e+02 7.481093104138720946e+02
5.591927725886733924e+01 6.412221697126350364e+02
3.761609366337371512e+02 5.362375410196830217e+02
8.549688326402215921e+01 3.659494006328061459e+02
1.043166306233479474e+02 5.230969432908888166e+02
3.999420868174823909e+02 3.375919586707673261e+02
4.543076368522796429e+02 3.407805570064359699e+02
1.462534537576617311e+02 5.914778769543584076e+02
3.313028534700916339e+02 5.942520794699505586e+02
3.295679401448680892e+02 4.742826970630270580e+02
5.430635773330189977e+02 5.778846332248275530e+02
1.562182470052484859e+02 7.420414488885060109e+02
5.244402593611459906e+02 5.548216341726629253e+02
4.737504452116021980e+02 4.570754039050053734e+02
3.436962080427451838e+02 8.003003854465493987e+02
5.611844223159152989e+02 5.316299987790343948e+02
4.691025849374657923e+02 6.148629374772600613e+02
6.673698830064441267e+01 6.394237260178937277e+02
3.468551341960560990e+02 7.248450546069567508e+02
2.718578735973444509e+02 4.421316704880525776e+02
1.170411514625749021e+02 5.263595514261195376e+02
4.639351612639429732e+02 6.785804653451081094e+02
3.687579300311039106e+02 6.131929397031616418e+02
2.058515020052757336e+02 5.873752693603441912e+02
5.348273459001173933e+02 5.592633910047070458e+02
1.762013023052978440e+02 5.164696653563364634e+02
4.420030583609218411e+02 5.172861526873195999e+02
3.299618251160526370e+02 4.393548606562872010e+02
9.379380821266883572e+01 3.378021532721459721e+02
2.781233256486144114e+02 7.341951258776812210e+02
3.722917640515352105e+02 2.755492667713189689e+02
4.482132473542437765e+02 6.067969783253467995e+02
2.848091147951902826e+02 4.731824066361951395e+02
3.889909384724671213e+02 7.462334239571243870e+02
3.788412778760468882e+02 3.887115368544738203e+02
3.254133714942498159e+02 3.077308679009710204e+02
1.789514020368054616e+02 3.226424787666945804e+02
2.837949468897407428e+02 3.319727555654642401e+02
2.416499431421821100e+02 4.403977042754742115e+02
1.142876542512289291e+02 5.663872955670314013e+02
4.572187915742699715e+02 4.160522298254409748e+02
4.235331499114705593e+02 3.653370796866236105e+02
3.866422304073179816e+02 5.091335372858010260e+02
5.468769651443685689e+02 3.604415817398518129e+02
2.431352502705861980e+02 6.322127376887622177e+02
1.939383724720680959e+02 7.192629138448083950e+02
4.965406313123597783e+02 2.929883855191592374e+02
3.997103403000842832e+02 7.916852287836268260e+02
3.332767478211093248e+01 4.571480285560895709e+02
3.789819390556012308e+02 3.919233966275074863e+02
2.355854374370851474e+02 7.546373291715650566e+02
8.691809472131637904e+00 5.376974340164334762e+02
3.216228828618608873e+02 2.849033291811472282e+02
2.877311660579317163e+02 7.566534919659202387e+02
5.559485962188234680e+02 3.522126872496561418e+02
4.686996205061104774e+02 4.935323838505140088e+02
2.341367803558835021e+02 6.509148635426382725e+02
5.622209562122803845e+02 5.016394632731550018e+02
2.169580320886828986e+02 5.701637745763198382e+02
4.579946206334734597e+02 7.070164761733802834e+02
2.407323437159514015e+02 8.011290365087781993e+02
4.266186450295228383e+02 4.961364806105039520e+02
4.428875743254134250e+02 5.869599349505175496e+02
3.589891774979460024e+02 4.303833996428655837e+02
1.965618293072056986e+02 7.538146585248591691e+02
1.599714550109055722e+02 6.644690056501888193e+02
2.816911577136022515e+01 4.296386204076139848e+02
1.292619809590194393e+02 4.332223092350265574e+02
4.988776041817661167e+02 6.860522646138956588e+02
8.303793831112784574e+01 5.547157417621627928e+02
4.726501015754996615e+02 7.360785655424663219e+02
5.200168810275906708e+02 3.263042659235107408e+02
3.160482226084982926e+02 6.003950593155597062e+02
3.695050423324365738e+02 7.096439189936766070e+02
5.663437195197282108e+02 3.910785845349106467e+02
3.423300084204718701e+02 4.936704850850994148e+02
1.052419818746399471e+02 6.651863661356674129e+02
4.686305084418214619e+02 4.051354302706992598e+02
1.643635675775736615e+02 7.779010147241347113e+02
5.736859429716594150e+02 3.839572128775131432e+02
1.207813290836777185e+02 4.269278772315100809e+02
3.067747572141104229e+01 4.063525782659042989e+02
3.381445208060454206e+02 5.947637704507842500e+02
4.527467118066725220e+02 7.235741843023702131e+02
2.228591368563641026e+02 6.754987852510039374e+02
5.490274344266945263e+02 3.415986669209023603e+02
4.350021489498052460e+02 6.920049402820850446e+02
4.588280637151366363e+02 5.288123130740963234e+02
1.900021590341846718e+02 7.878334168504411537e+02
2.137192005835466659e+02 5.505527154597140225e+02
2.982958124719638704e+02 7.294477762109456762e+02
3.287738830128066638e+02 5.158023729807922564e+02
2.371663585685697342e+02 7.912503119941828800e+02
3.669187591448155672e+01 5.142198478057962348e+02
9.158733320399502986e+01 5.763240457347133088e+02
4.324856244523697910e+02 5.245080778438325524e+02
2.314384550507078302e+02 4.190313751030064395e+02
2.064998307110182054e+02 2.384417673525306895e+02
3.156597481073052336e+02 5.509145209392023617e+02
4.811365862411491321e+02 5.150843255233585296e+02
4.684689499121016070e+02 6.606604118264799581e+02
1.334870237943019049e+02 4.006115490337459164e+02
1.849342179515019211e+02 2.518057840551504114e+02
3.664372749282313180e+02 3.770813044128135516e+02
5.741905906502991002e+02 4.955238207610815380e+02
4.119036630131608945e+01 6.351392699777763937e+02
5.416391134648044954e+02 6.455663365023315237e+02
5.653597501606749347e+02 4.225772371539375172e+02
4.455581936316023075e+02 3.441435849112410779e+02
6.645865633613922796e+01 5.972249085285504862e+02
1.683466083372798039e+02 7.568006955150797239e+02
4.281001185714884514e+02 3.229440321785852461e+02
4.241722776605010949e+02 6.155915713566429304e+02
7.500974963900114290e+01 4.602877186045277540e+02
4.831913279429481918e+02 6.314484372961435383e+02
6.084467698491008036e+01 4.218063523136636377e+02
8.931610483009256996e+01 4.944666324959547410e+02
4.048836116855177920e+02 7.038325301737027075e+02
3.285615029820071982e+02 5.474353303143523135e+02
5.063270894096572761e+02 3.673745002806854245e+02
1.026396883414598733e+02 4.607875373329995341e+02
4.538489459502162617e+02 4.748143013072868825e+02
3.170156006223209033e+02 2.350241299452043222e+02
1.312277375728516802e+02 4.460168023662493511e+02
2.924301936072210992e+02 2.320799466473258121e+02
2.474930452314809486e+02 7.599107659681935729e+02
1.311569352002448738e+02 6.801508990020571446e+02
9.297405725265934961e+01 3.529953284569448329e+02
3.660813526665079394e+02 6.705875417994847112e+02
2.197031257722760529e+02 6.172212418510976022e+02
3.960833812687620821e+02 5.449342010611227352e+02
1.980995823930982169e+01 5.162570317085262559e+02
3.833647467678243856e+02 7.908836278032831615e+02
1.075611090896888982e+02 4.726779016564145195e+02
1.319629582061048438e+02 5.310499555308208528e+02
2.393619449399151904e+02 2.362663414769162387e+02
5.606771529751528078e+02 4.366769511502963610e+02
3.186053436932389786e+02 5.792605117021356591e+02
4.104697684378991198e+02 6.043268507767235178e+02
4.467872596227286977e+02 4.875517311108951048e+02
1.023222825262976130e+02 6.089743202663388502e+02
9.217709606728493554e+01 4.758238808572651237e+02
2.608304491069470714e+02 7.019309674182733261e+02
2.001906704896783253e+02 3.447816061180059819e+02
2.278615935777462198e+02 6.338628080529053932e+02
3.412944338659905270e+02 5.230316249046074972e+02
3.836501238226751411e+02 4.823000101885817799e+02
2.233378915706902319e+02 6.695229339244347102e+02
9.333325251277668144e+01 7.287477048691085884e+02
1.465300370142528266e+02 5.233345301320523504e+02
4.979203787546711055e+02 3.394673229653753879e+02
3.753505471908953268e+02 4.512929921170909324e+02
3.488499332733380811e+02 2.488514857581662341e+02
3.141033741968583968e+02 5.189894874256127650e+02
1.214289410420185504e+02 3.167775425252436889e+02
5.190709007199177449e+02 5.516726987131283977e+02
4.209504324547217493e+02 5.721667585308306343e+02
7.648861889302912687e+01 6.786218388886313733e+02
2.214317527303231259e+02 2.352613562925570818e+02
2.541915983023706076e+02 7.578849110518132193e+02
1.182452070730863340e+02 4.031828839297674563e+02
4.542466074381449062e+02 3.576852894223209205e+02
6.713950143378872326e+01 6.555727832996371944e+02
2.762718361208555962e+02 3.724686842187508091e+02
8.388720246060802310e+01 6.552301788639439337e+02
3.436859017400644802e+02 3.777618746674104955e+02
2.045134972632888548e+02 7.305359833398413230e+02
3.195642305644604448e+02 5.163950441403178502e+02
3.044257841907077591e+02 4.908833585348396582e+02
1.948253194504250132e+02 4.863137339618989472e+02
3.471924211109799785e+02 7.248795540802747155e+02
3.921182043499238148e+02 4.890305775909525892e+02
3.012655737229541160e+02 4.905094004851957834e+02
1.197146747445975734e+02 4.037078096409441059e+02
1.333288356604695650e+02 7.426844808186164073e+02
2.327041542842040940e+02 3.470490843150997762e+02
3.211814325688935128e+02 2.351255198601887173e+02
1.157994150748886000e+02 6.101645870733750598e+02
4.338470514695255815e+02 5.716212332053371483e+02
1.173523012102391476e+02 3.976041881603048296e+02
1.923042992523425028e+02 5.836856586862500080e+02
5.305888286837307533e+02 4.998746332953214164e+02
2.558220435035610762e+02 7.147731565499780118e+02
9.361738950956615213e+01 6.347516793223437617e+02
4.980801182270373602e+02 6.905538667678312095e+02
1.203871594220656789e+02 7.534063884451443300e+02
7.687052517742449709e+01 4.849238925248919259e+02
3.044571506886991870e+02 4.406684342265131136e+02
2.167416660098736543e+02 3.178430477839578998e+02
1.158808787034178636e+02 5.744700820090935167e+02
1.171798644236338305e+02 6.796583936385951574e+02
2.409242885955652582e+02 3.487448081463555241e+02
3.588005079185610384e+02 5.362739161444509364e+02
3.892579263067416377e+02 5.430964688274166292e+02
2.942671627943668113e+02 5.721936574291966053e+02
1.221072399701145059e+02 4.704218630977186422e+02
4.224588524996239585e+02 6.920049825671208055e+02
3.600219123148315816e+02 5.249689740197585479e+02
2.575832567984505204e+02 5.152533981880882266e+02
5.365625813968046032e+02 6.088980765757304425e+02
1.881824850544338119e+02 6.963428106224583871e+02
3.220115189903089572e+02 6.944068200332045535e+02
1.178579041894357999e+02 6.457214216845184183e+02
3.689192263104181961e+02 4.519297661434189877e+02
1.645515219584912927e+02 5.489570092650953939e+02
3.028607259592598098e+02 2.504885114522468825e+02
4.295855680789704252e+02 7.861290207938541243e+02
1.791595245683179485e+02 7.361176899715537729e+02
3.354617107931503597e+02 5.070288855901821421e+02
4.174962146574831650e+02 6.613414760784028203e+02
4.388987534296421700e+02 7.711287985220287737e+02
9.725448757473191108e+01 5.592584867081407083e+02
2.086789581611618019e+02 5.871173177852556364e+02
2.867969470571984516e+02 7.984959446815333877e+02
1.843439186919248414e+02 6.501243153447700251e+02
2.517685396647026437e+02 4.844910211439586192e+02
1.405042986108191201e+02 5.593289275725238667e+02
3.719596608644742446e+02 6.752933868113085509e+02
3.272487592502011466e+02 6.992983344126994325e+02
1.340118988223609051e+02 3.181667938611564068e+02
5.025635640524581049e+01 5.469910508616104607e+02
4.799331289746405105e+02 3.109856115735797175e+02
5.921650099552618940e+02 5.217762185456684847e+02
4.824963724695218730e+02 4.842609934587022167e+02
4.310798975985016455e+02 7.359529512427693589e+02
4.902239314318619563e+02 6.174672059116431910e+02
2.656459829264020414e+02 7.210710949307843975e+02
3.556778226007895114e+02 5.785835486997117414e+02
4.932498406864023082e+02 6.425721620266649552e+02
5.494333758689583647e+01 6.221738136797507650e+02
4.870223189769104692e+02 6.627058527675443429e+02
2.260198051180230436e+02 3.754594530696109587e+02
4.633550616986548221e+02 4.114713341131813422e+02
3.030620726855395901e+02 6.283099724416520075e+02
2.984570936942205890e+02 6.708009052480913397e+02
4.015731614759648664e+02 2.867035282334156818e+02
3.400449289064661116e+02 3.919306211638646573e+02
3.974569148958667597e+02 3.170082953718874137e+02
1.663533217918388516e+02 5.615662461802564849e+02
1.671189272992427277e+02 7.839608422655935556e+02
5.135703275011127289e+01 4.759110157874330866e+02
2.797936827443747916e+02 7.540245530436109220e+02
5.275301162512464543e+02 3.323898849291358601e+02
1.149858794158795376e+02 3.360879554496417541e+02
5.029478104928642779e+02 3.880468229820286297e+02
6.842688031576625463e+01 6.259485368057872847e+02
5.247825211099720946e+02 7.157097331219741818e+02
3.617322517129426842e+02 3.599250445645426453e+02
3.755737087830414112e+02 4.633765446136802666e+02
3.939220292489837902e+02 2.971026513420792980e+02
2.616069239128258914e+02 7.862942412519633990e+02
2.340241001009712249e+02 2.584207204061433458e+02
4.088392799056720150e+02 6.736719327534664217e+02
9.189729124291656603e+01 6.380764381534154381e+02
4.212048577466559891e+02 3.076810047307112086e+02
4.370096480360194846e+01 5.099874576447015784e+02
1.507968502084499676e+02 3.450963123920912494e+02
5.206762385727759579e+01 4.680871589170141078e+02
3.264372606241716426e+02 4.611253541872862911e+02
2.408480638556606266e+02 2.557557432297960531e+02
4.061038918082146552e+02 6.906102670979922777e+02
2.844943300386613600e+02 6.063490314809652091e+02
3.128238685976605211e+02 7.144764447936584020e+02
4.714756065691988169e+02 4.925702760315196542e+02
4.130010210287133532e+01 6.352520522708996396e+02
3.838125422882652060e+02 5.966625721805402236e+02
4.289338863646044615e+02 2.614143526713800725e+02
5.337326946136695369e+02 4.054574335088561270e+02
4.012184925297707423e+02 3.620679353529297941e+02
1.422926562404930735e+02 5.500920573286921353e+02
2.936500114100381325e+02 5.423549834434791137e+02
6.074930683883524125e+02 5.169116999392749676e+02
1.922577313533447807e+02 6.070977876275885592e+02
8.008221869881981547e+01 5.427388561657736545e+02
3.539042583470454133e+02 7.201241531066590369e+02
3.526873176600021225e+02 3.185976534841381635e+02
1.836717165804275851e+02 5.214200989305842313e+02
5.161022437422826670e+01 6.223363626824028643e+02
2.932930843037231057e+02 4.253407771836027678e+02
4.017106697834285569e+02 5.911374313892707733e+02
4.433485892035405413e+02 3.330228235837975035e+02
1.689696307898840928e+02 2.664652013720963168e+02
1.589643164434139351e+02 3.269912168656035192e+02
1.311019389000722128e+02 4.726369927201535006e+02
3.567463178512331865e+02 3.833581107039888138e+02
2.317198949332214966e+02 4.069972421569352719e+02
5.856422108821631127e+02 5.313694933364268991e+02
5.685819332652156390e+02 4.803701933702412248e+02
6.407130848541706314e+01 6.283660185402591196e+02
6.387190240618409121e+01 4.294006047162257573e+02
1.853478945915140059e+02 3.376682383143818242e+02
4.493721904840463139e+02 2.994934862598842074e+02
2.145502970463968495e+01 5.215550115370407411e+02
3.132753635745372662e+02 6.620384356817662592e+02
3.295045527585858736e+02 3.018192846725405616e+02
2.155658255793145486e+02 6.242561691313682104e+02
4.878964831312293313e+02 6.942348261039877571e+02
3.384997783334245014e+01 4.692451180421064691e+02
4.111117857736322776e+02 6.764752312340417575e+02
2.666674037464845242e+02 5.476473207426081444e+02
2.358720818800781842e+02 7.561296739859947138e+02
1.226241917514833233e+02 3.466983452452171832e+02
1.811281026454821586e+02 6.934829624257614569e+02
1.830346395780013040e+02 6.282549079913181913e+02
2.911198589206613860e+02 6.991649300338787043e+02
1.327922482052049986e+02 3.971758539803021790e+02
5.498102011566916190e+02 4.819319980518903321e+02
2.035009286658838619e+02 3.491840230479524507e+02
2.571800129603158780e+02 7.795547095133746325e+02
2.567019288592150588e+02 5.983648100084831185e+02
1.105331436266198750e+02 5.902782710025290953e+02
4.685404534871761939e+02 4.871365028627550373e+02
3.270803826145167932e+02 7.250443322250905567e+02
2.654383283656291042e+02 3.559228164281390718e+02
7.259593297502706832e+01 6.423673826377410023e+02
1.363281284104742781e+02 6.560497366760904470e+02
5.665231064978154336e+02 5.719731620159644763e+02
2.513819836202887643e+02 5.457936263884694199e+02
3.731240000818666545e+02 3.874045804404970568e+02
2.787915355739689289e+02 2.301675717354120820e+02
1.577698003481282569e+02 3.462663569549166596e+02
4.194556304910554445e+02 4.266548678743553751e+02
1.430260536183794216e+02 5.344032386915582720e+02
2.575857611442503412e+02 3.803534865211095166e+02
1.189040043860807998e+02 6.923032505889574395e+02
4.006661878548746358e+02 3.509960148826961586e+02
4.740685156812723449e+02 4.032701780275794476e+02
7.162681337661791758e+01 4.286911691366391324e+02
2.863769095218609095e+02 7.047892967635220884e+02
3.334540530548163701e+02 6.995653602068634882e+02
1.403364761488349473e+02 5.768616060458103902e+02
2.928053368905844991e+02 5.082126295146914003e+02
3.408891019862940652e+02 5.750387486820739014e+02
1.544551850572487695e+02 2.803467618396800844e+02
5.218759916569692905e+02 5.022890565245340895e+02
5.779625733059542654e+02 5.494404167213237997e+02
2.808671895501341282e+02 6.209853362368418175e+02
5.698995758571156784e+02 4.396327169474636776e+02
5.036918636610021167e+02 3.391000903910230022e+02
2.310043047234520373e+02 2.374818838956037439e+02
3.284234736103736623e+02 3.311727236484101695e+02
4.698948562181556099e+02 5.695264981213730380e+02
2.764152838955446896e+02 4.618510366060323236e+02
5.264028462702917750e+02 3.447168076593823116e+02
1.526589567510659151e+02 3.193239513283252222e+02
4.356711846411894840e+02 6.845366853319551410e+02
1.205122166675571975e+02 5.821063877103498498e+02
5.709198071187740879e+02 3.764674079297008120e+02
5.519822859919867142e+02 3.770172442315746366e+02
2.651400563367452037e+02 6.005140269578454308e+02
2.265560374913048918e+02 3.964520155992189530e+02
2.424583667201870298e+02 6.140700967950621134e+02
3.328585379215702460e+02 2.414954954581463085e+02
3.975463315298884481e+01 3.928530644660247617e+02
2.978256412880308517e+02 7.518419422481920265e+02
5.126398735863645015e+02 5.456212026311465024e+02
1.949211412025738070e+02 2.728074377266634656e+02
5.571159887704292260e+02 6.586781730077328803e+02
2.658084005519012294e+02 2.854519848650509175e+02
5.079641863122670884e+02 7.359297781692224589e+02
1.530345672468361329e+02 7.237607075209223240e+02
3.133954610599100761e+02 3.201096867114490578e+02
2.096525610583747721e+02 4.397155763859788067e+02
4.070463271512167012e+02 6.376672718137481297e+02
3.093675748207822949e+02 6.834634309284779192e+02
4.219023079445387339e+02 4.534819242905547299e+02
7.355530124622259791e+01 5.927397588387125325e+02
3.770948176335127755e+01 4.992285261584582940e+02
3.625694135528920015e+02 6.094471422777585303e+02
2.214653404663068557e+02 4.575330240321547990e+02
3.386855597043698367e+02 3.237264665648355049e+02
4.478935857137078642e+02 5.064133622299236777e+02
4.913297013006250040e+02 7.393569819982915305e+02
2.526661382807119480e+02 4.618157125355587027e+02
5.498809645705127878e+02 5.507710039986133097e+02
1.046229390587457431e+02 5.502316765773280167e+02
3.460322383674612183e+02 6.323410750798050231e+02
3.518178348752995817e+02 7.085699671640148836e+02
5.147751687101025482e+02 5.716645772817573743e+02
1.441772656713135063e+02 3.136720354549342460e+02
5.432844000488087204e+02 3.633404420851138639e+02
3.862689295476894813e+02 6.616467579489703894e+02
1.265089275510069911e+02 3.175050230367772883e+02
2.357861194443102022e+02 4.358665215453365249e+02
4.830885935232265638e+01 6.395938364984968985e+02
4.017077259431500806e+02 3.891676658906068269e+02
4.256810494618846974e+02 4.185720436498142476e+02
4.296837224838307634e+02 2.987880137793119957e+02
4.833889749146302393e+02 7.023441430231084723e+02
2.421972500484999955e+02 6.974037432057300521e+02
4.801053198037932361e+02 5.265581196623469395e+02
2.989672476688505753e+02 5.825235543236659623e+02
3.353280229268028734e+02 6.370143875174433106e+02
5.081946652211128139e+02 5.266213749154551351e+02
3.226158379636989366e+02 5.059187560026732058e+02
1.922521129319669626e+02 3.284583194160832136e+02
2.442762217908753541e+02 3.215469988659760361e+02
4.694028312073099869e+02 4.623648347990842353e+02
2.120362223153692298e+02 4.286855672938104931e+02
6.877319948002084971e+01 6.493604738218914463e+02
5.536959068691185166e+02 5.946454528910592217e+02
4.784012594861004573e+02 5.546680783488649240e+02
1.114081323030590625e+02 3.587848580982727071e+02
5.149064260602904142e+02 5.210300730543507370e+02
4.210667595931897722e+02 7.210880591652928615e+02
2.820868901340676871e+02 5.647676978225134690e+02
1.400601441148149320e+02 5.009163049324029089e+02
3.893317058827729511e+02 3.068657929006709537e+02
6.996664359912170994e+01 5.062149320186745740e+02
1.145835920961657166e+02 4.700383309610575679e+02
1.957925074755312949e+02 4.799617412815259172e+02
4.455487984556590391e+02 5.227749610948560530e+02
3.449776051459065798e+02 3.837807984586518160e+02
3.964705630936538796e+02 7.447167085663843409e+02
3.476155769715623478e+02 3.955983494836142427e+02
5.964269478469620935e+02 5.394725966485676736e+02
1.510901897672324878e+02 3.902161338155153771e+02
1.825962303754411096e+02 3.800020618100932097e+02
3.006987769084728939e+02 2.364471089907058854e+02
4.162052244778942622e+02 3.542428371735389305e+02
6.758779563779626187e+01 5.811396329367785256e+02
1.482878558971515019e+02 4.684294123466856377e+02
