3.414662221431206603e+02 2.289677807337266131e+02
3.797864232445698462e+02 2.337185613393918402e+02
5.129984648940411489e+02 3.025513408587887625e+02
4.196888885148972577e+02 7.912374068183499958e+02
2.722792737365765561e+02 8.088230597803228648e+02
1.010970779332797065e+01 5.265177425863194003e+02
2.877682146254894064e+02 2.248583604699335865e+02
4.083109630405007238e+02 7.979494973578316603e+02
4.360151511255937749e+02 7.904541835966534791e+02
2.027537040797932377e+01 4.477922836482689490e+02
2.473561121580226825e+02 8.094420044038968172e+02
3.282055661767832930e+02 2.248560966538983621e+02
2.711424733379050167e+02 8.152009214041625000e+02
2.288444038051143821e+02 8.013693055675898904e+02
5.974455715695289655e+02 4.497017306419023726e+02
5.573970621789781035e+02 3.680513683865836470e+02
4.405184065432530360e+01 3.988945444422535616e+02
1.210838615687265474e+01 5.464316141640570095e+02
1.406561635705667470e+02 2.775093481916891847e+02
2.177085618643320686e+01 4.523404744030971756e+02
6.041772153959784646e+02 5.114565737175940967e+02
4.926670938177704784e+02 7.484516946919346765e+02
5.953312519478354261e+02 4.745023569653665163e+02
9.212789744469759512e+01 3.178623808203802810e+02
2.530887336544245159e+02 2.270538019485439349e+02
2.257614443570912215e+02 8.017928383817775284e+02
6.997425779226688292e+01 3.462002692482849397e+02
3.091095447178295785e+02 2.242695885954286723e+02
1.245155730210976230e+02 2.937629727031910534e+02
5.657478037526697108e+02 3.845373468451078907e+02
5.306340396009802589e+02 3.321412587726241554e+02
1.264414316492874661e+02 2.864087057322321357e+02
2.232584762394742199e+02 8.065055310778548119e+02
1.855621300870381560e+02 2.479458464409827911e+02
2.577535777057701694e+02 8.123491768904317496e+02
5.171721540196856495e+02 7.324278975338628470e+02
4.269259659006439733e+01 3.947483399788814040e+02
6.108257929213817761e+01 6.781006059368057777e+02
3.298064197194884173e+01 4.097185786792842919e+02
4.848840561660830417e+02 2.893115729882733262e+02
5.479407527404052871e+02 6.863198827127259847e+02
1.305265367517169466e+02 7.500610840210906645e+02
5.982647481867300030e+02 4.708254622864250791e+02
5.719349984865889382e+02 3.784718268965540346e+02
5.969099427034283281e+02 4.617510027958379624e+02
5.924931941930876746e+02 6.137427706073644913e+02
5.304846753198498845e+02 3.195628385277460666e+02
3.447077613564162561e+02 2.278958169487125929e+02
3.272079916873035472e+02 8.144622357130692762e+02
5.449697468709102850e+02 7.004436369584868771e+02
4.245964863482226406e+02 7.951350849866618091e+02
3.130483086155733190e+02 2.198711626590196602e+02
5.883870572693856502e+02 4.338757745577095761e+02
3.832728473770657160e+02 2.303511721258816465e+02
4.221521963293394037e+02 7.908353257844817108e+02
1.799136155025701100e+01 4.974011023467421069e+02
5.619163465555022867e+02 6.620487535120324765e+02
1.131630303962589323e+01 4.757697364100671962e+02
5.059349286611193293e+02 7.407609131337318331e+02
4.030627196679145072e+02 8.037942066523191897e+02
5.359283029975947557e+02 7.036901798395707601e+02
1.065356738337897582e+02 2.974309628775578176e+02
5.872005188377736431e+02 4.323587939132478368e+02
2.119309157269816524e+01 4.714581425916848048e+02
1.525014934613425339e+02 7.754879368690778847e+02
1.763945210665656305e+01 5.042222406350104507e+02
5.996214751132074525e+02 5.019019507780002982e+02
1.075509769094852572e+02 2.970417302119170699e+02
1.122240581149195577e+02 7.421652404301966044e+02
5.993010586039335976e+02 4.746009675120126303e+02
3.678682351726687898e+02 2.295006124359588853e+02
5.937477778446857428e+02 5.904722511036059132e+02
6.061377145722406112e+02 4.919675656561204278e+02
1.290612542411397499e+02 7.589591852324768979e+02
2.572141793463038084e+02 8.062232422723395757e+02
1.928096114033749870e+02 7.913617759059782202e+02
1.206301024331114604e+02 2.924757693793643512e+02
1.559079562163225319e+01 5.435119848919564447e+02
2.688322050290479979e+02 8.077296536960695903e+02
5.830538840251261945e+02 4.221148077820577100e+02
5.961130273665236246e+01 6.774585349098597362e+02
2.755814676278570801e+02 8.081931835612901978e+02
5.012508566062473392e+02 2.954809424347830600e+02
2.043200111643682249e+01 5.906503988563252960e+02
2.169575905985648205e+02 2.357890534393305302e+02
2.792777493300144442e+01 6.028250410996580513e+02
2.992132101789644025e+02 2.244757027081293472e+02
5.852649617623517315e+02 6.322635061410887829e+02
5.734174918712767521e+02 6.377592502936339542e+02
2.222082649729319996e+02 8.050973059572788770e+02
8.153964778883201348e+01 3.266621958689360099e+02
6.026342031438889535e+02 5.443234870256685554e+02
9.318759627512642396e+01 7.153805599224474463e+02
1.800820158428547302e+02 2.493769350614803670e+02
5.576342723034108531e+02 3.685744259232222930e+02
2.950782383996409521e+02 8.102489134302625189e+02
5.457838372993268194e+02 7.008157912843114445e+02
4.553578469897624927e+02 2.659716990841300230e+02
2.790846241105799663e+01 4.175147710289122642e+02
6.041647623548824413e+02 5.287823592327116557e+02
1.165053116173230876e+02 7.373915576933661669e+02
3.442950430673652136e+02 2.235193313423095560e+02
2.609827966336011400e+02 8.084196926292884200e+02
2.291249910346776915e+02 8.076107044675072757e+02
5.575345431511582319e+02 6.675943322950372476e+02
4.197664481739530515e+02 7.901620173393686173e+02
2.844105910816065830e+02 8.172354915369649007e+02
1.261325594352011308e+02 2.848745067106423221e+02
3.506113210753256908e+02 8.141927228868210022e+02
1.552136555852575839e+01 4.936892763994150073e+02
2.066299103422908843e+02 2.374470386835355953e+02
5.216621670249204499e+02 3.127459966335467243e+02
4.121115324832830424e+02 2.411436261168078659e+02
5.490054048757598366e+02 3.455145381671331961e+02
4.943741058795158665e+02 2.861946599710214514e+02
3.685032703117440178e+01 6.311265135298842779e+02
6.034890982028392159e+01 3.640344988753857933e+02
3.731026754796711771e+02 2.299605042945195805e+02
3.350488903689648623e+01 4.226958237511660172e+02
9.041323706283961315e+01 3.127938456920981025e+02
4.496229979502527385e+01 3.883650884173753184e+02
2.822015437221248249e+02 2.221458126046824191e+02
6.058609714285786367e+02 4.970302914859446446e+02
5.091639721246348245e+02 7.415615977667416701e+02
5.328336674973281788e+02 7.138163773131809648e+02
2.203457057379569051e+02 2.403008353094729728e+02
5.872034587041509894e+02 6.267664392946472844e+02
3.382529668502559161e+01 4.117873808057046290e+02
1.532849868207375721e+01 5.459518850049670391e+02
5.523256760973953305e+02 6.873459341589721134e+02
3.996758453215344389e+02 2.398172743419286235e+02
5.800278897378111651e+02 6.277259159493768266e+02
3.697557914775745758e+01 4.117174929591046748e+02
4.396153686119089343e+01 6.439194027072006747e+02
2.802457986403487666e+02 8.090740607383679617e+02
1.020548317881502953e+01 5.329824898406193370e+02
5.765665054895591766e+02 6.466436016431962344e+02
5.627079640541596746e+02 6.725063074185422920e+02
3.207026366864751594e+02 8.121659940868278227e+02
5.772132035389826115e+02 4.100837516604374287e+02
1.054534452851398214e+02 7.346514997806547171e+02
4.195038639276922368e+02 7.956838316621942795e+02
4.038963134025582917e+02 2.416759468385785112e+02
4.869165234976073293e+02 7.501713022204251047e+02
5.065084040512722368e+02 3.038985206102466918e+02
2.290318643770290237e+02 8.049322515537132858e+02
5.843238179545480762e+02 6.152890657874380622e+02
4.186550482720332411e+01 3.967663697251346662e+02
3.705355401899004733e+02 8.073215883790608132e+02
4.430139700960241953e+02 7.808304398228600576e+02
2.300074869170990155e+02 8.023437666687996170e+02
5.979383502516136559e+02 4.597226754917924723e+02
4.313790749524285957e+02 7.851681964654165995e+02
5.607791832602026716e+02 6.642273965576185901e+02
4.978337789340549762e+02 2.896970383828560784e+02
5.777727194385681742e+02 4.029260375253277857e+02
5.404132909121334478e+02 3.357462267422002355e+02
5.856200445769438829e+02 4.146202655826902514e+02
5.417808898818159378e+02 3.414367866745935771e+02
4.150871546803177239e+02 2.475366157595507843e+02
1.742083319995907686e+01 5.205308326946385478e+02
5.992339681307835235e+02 5.133643479740546809e+02
5.536049887512231180e+02 3.478899868639823012e+02
5.368348174440559433e+02 7.005056951547644530e+02
2.174171504944825983e+01 5.743509672307042138e+02
1.517401717342781069e+02 7.648424353342600170e+02
7.481730666227321080e+01 3.388297815509856719e+02
4.237860643822210704e+01 6.510606928533674136e+02
1.655816389617343987e+02 2.624915991205824639e+02
5.964485898195337086e+02 4.490887574440841945e+02
6.121165197436354788e+01 6.843478358627066882e+02
6.191727953359193748e+01 6.865737954432870538e+02
3.297852070699178171e+02 2.213514135906376623e+02
4.856348332073522442e+02 2.787968835002783976e+02
6.027934753062233995e+02 4.925293765712054892e+02
1.258734126369108424e+02 2.841164848903459870e+02
2.081700729481532903e+02 7.997806883850976192e+02
4.346497189087292554e+02 7.882566710932583192e+02
5.394434763306429659e+01 6.607043495938005435e+02
5.552550717794492812e+02 3.509228477496875485e+02
1.665086952000953886e+02 7.837375527593158040e+02
2.588260639295955912e+02 8.130124366947723047e+02
2.573948505659470811e+02 8.104126205084291996e+02
5.500522460335138248e+02 6.888880383195740933e+02
4.855201704829681830e+02 7.502621578791431602e+02
2.001385013711882266e+01 5.885231815066279069e+02
5.455827728939973440e+02 3.526063863031131973e+02
6.217348941947241769e+01 3.526310043340323546e+02
5.275859578917463750e+02 7.235426361124141295e+02
5.062590326618213226e+02 7.374654267053134618e+02
3.984715001049956413e+02 8.011571916814684755e+02
3.140635896598107024e+02 2.226173852791110335e+02
5.242263906925263655e+02 7.163702533939477917e+02
4.387289574191891006e+01 3.786038607879306710e+02
1.931162684564611709e+01 5.921966028891012002e+02
3.795164932112319320e+02 2.295367324960922701e+02
4.811101645130510178e+02 7.552324868374778362e+02
5.985874739235960078e+02 5.304187650719298972e+02
5.453131166368498270e+02 6.922009904453669833e+02
1.634615905681692993e+01 4.906714983092336979e+02
3.051397361067142810e+01 4.272780226429349568e+02
1.302693047301058584e+02 2.822944993983097106e+02
4.511868191230477123e+02 7.829728826876827270e+02
5.436411168681821664e+02 3.356823827821878012e+02
5.711320247288272185e+02 6.501648817239199616e+02
8.407125047149725106e+01 7.180014040971734630e+02
1.644518395775458828e+02 7.756831142841776909e+02
3.882857340492768117e+02 2.349072337350905855e+02
2.468153461312399486e+02 8.050237681826232574e+02
4.848972282598062975e+02 7.505440048898661871e+02
5.833940548160256867e+01 3.535184481738065188e+02
6.030895079306128537e+02 5.298931976248326237e+02
5.740511421276019064e+02 3.896285422162037548e+02
3.721567943452325835e+02 8.090265780998397531e+02
8.313252829361829299e+01 7.172690275232034764e+02
2.850194376553175175e+02 2.267163923202556930e+02
3.658967587475054302e+02 2.344997293883114367e+02
3.489324801699406180e+02 8.108056559346634913e+02
6.049657665653065806e+02 5.370527839050091643e+02
4.301931769267312688e+02 2.550306294588698961e+02
1.497235590697802650e+02 2.672459828297565991e+02
7.801830882271539735e+01 7.046471018210701232e+02
5.078267135158520205e+02 3.084701972401143166e+02
2.221762443586544578e+02 7.993884282303520195e+02
3.685953675462159254e+02 2.263449953933625238e+02
6.006596061419660373e+02 5.048375438979559249e+02
2.196406192797142580e+02 7.977639634661652508e+02
4.854777543201098524e+02 2.815987519258312091e+02
5.498452709124613875e+02 3.575641012263537277e+02
5.121354208050734087e+02 3.065729911311478872e+02
1.972254797241140523e+01 4.665408293235674932e+02
4.332322860049866335e+02 7.855141643609908897e+02
2.761452269334527045e+02 2.279432797017253165e+02
5.895282814952591934e+02 5.958352319500843350e+02
1.205098177410320659e+01 5.081527646013871049e+02
5.704967494439457596e+02 6.567966530585978262e+02
1.972218050450729834e+02 7.942168522929077881e+02
3.342294224479825857e+02 2.286653631932067015e+02
1.024500158207477227e+02 3.043599654851932428e+02
4.016890331071945184e+02 2.426930426227195881e+02
9.208743311310695390e+01 3.168562443110542972e+02
1.507618864698441428e+02 7.662466174712799329e+02
3.542412685762240017e+02 8.102107778250376668e+02
6.014977516298109776e+02 5.559193744717788377e+02
1.358115964114842598e+02 7.566997837494041050e+02
5.739980748484085780e+02 3.887968990792986688e+02
1.064813032011349492e+02 3.062820354636340880e+02
1.007351896976996386e+01 4.996742729713882341e+02
3.617002443069977744e+02 2.328457716679557734e+02
5.190538971997203816e+02 7.239261360699059651e+02
1.661044479315791023e+01 5.698876731988901838e+02
2.641121061483813719e+02 2.260925757035546440e+02
3.940519804447268370e+02 2.406065199747089878e+02
5.271395758602698152e+02 7.147878453288603851e+02
5.825058313972971291e+01 6.836983123974673617e+02
5.822305354838457561e+02 6.135394664506189883e+02
5.573615867261332824e+02 3.553009215389449196e+02
1.424137831760486961e+01 5.681415034136108488e+02
4.424605130534327486e+02 7.783059782393772821e+02
3.682967912216810191e+02 2.321589257082125641e+02
4.967203865676110581e+02 2.908894566710204685e+02
1.051431613809302235e+01 5.171163489863033647e+02
1.133689781106151315e+02 2.953205220326078120e+02
1.382685357338496317e+02 2.756242832521970740e+02
5.768509893047072410e+02 6.497216980196365057e+02
3.336962194809875086e+02 8.087221757351878750e+02
2.955037425207654564e+02 8.098137211639218549e+02
1.216608314079726085e+02 7.455696451833446190e+02
5.932355749526491309e+02 5.715989688460429079e+02
5.256281909766387344e+02 3.139113646502910910e+02
1.728991569304140796e+02 7.787597306428190223e+02
8.367237440086475431e+01 3.293940379892645751e+02
6.013555516380311019e+02 4.884927746634772916e+02
5.802386761757387603e+02 4.115588745951910141e+02
5.740991654712616992e+02 3.897258550253518479e+02
1.395750168632106067e+02 2.795871776210238977e+02
5.682172819425143189e+02 3.750628903185603349e+02
2.566642586178937790e+01 6.113699487681940354e+02
3.751550761306641562e+02 2.339622979992299747e+02
4.987483425782671134e+02 7.465326309133106406e+02
5.331124878197002204e+01 3.631086960998619588e+02
1.589608910984344448e+01 4.670236935480816101e+02
9.968836704126445625e+01 7.292003628325912814e+02
9.077462776912739173e+00 5.005877920627004869e+02
4.842027535578002357e+02 7.575567896033861643e+02
9.711957385089729655e+01 3.085942906813245372e+02
1.208359654419564322e+01 5.538560861153171118e+02
4.118528902120597195e+02 2.407835499273555229e+02
5.845251680131168541e+02 6.175765971642396153e+02
2.801074431918581240e+02 2.218995392251610497e+02
4.217377669142330774e+02 7.919237320840227312e+02
2.248478652376122113e+02 7.975868342672297331e+02
1.181475052483135642e+02 7.425177752358720227e+02
5.445422281098607300e+02 3.433135937020539927e+02
5.883751577264652042e+02 4.404442175204343357e+02
5.105933025315274563e+02 7.389833552911475181e+02
2.197185302439288535e+01 6.062380192041835016e+02
5.988028722349531563e+02 4.986981531435516217e+02
5.571437933977160810e+02 3.658447171088141658e+02
6.443913816547106421e+01 3.496484340065853758e+02
3.702818096614010415e+02 8.055051682641628759e+02
4.190149539718699998e+02 2.447487538498951949e+02
3.469261922523946851e+01 6.171101753983156186e+02
2.018439267281291905e+01 4.749628958541796351e+02
1.835333240409801192e+01 5.696428261167966411e+02
3.229428375392449766e+02 8.141188870247876821e+02
4.149757071007164768e+02 2.470673341813222237e+02
3.527625081289671698e+02 2.245154099812679647e+02
4.188147689335435757e+02 2.417649042170285725e+02
1.111926270083756663e+01 5.333924309019026850e+02
4.771140485531105924e+01 3.877559566719055510e+02
5.025428396362299281e+02 7.432822461167368147e+02
1.866376459124155645e+02 2.521512789042747613e+02
5.873836107110578268e+02 6.241904157491455862e+02
2.394247179894461510e+02 2.309194206944192160e+02
2.910702114961441112e+01 4.217967473343701386e+02
2.176649016815076720e+01 6.079559846934151892e+02
5.223474397991119531e+02 7.246643885006666324e+02
2.904719289088598089e+01 4.257305979427982834e+02
5.668248022844487650e+02 6.618893116985700544e+02
2.039348015699818006e+02 2.424511198173979665e+02
1.051732890389985187e+02 3.009379739551813486e+02
2.257596176864277879e+02 2.378055049783198456e+02
5.638283613198625517e+02 3.700467321330855839e+02
9.731310241960107987e+01 3.155943092152450618e+02
3.712340539996683333e+02 2.336078297486401425e+02
1.965039912134091082e+01 5.978921555760480260e+02
4.549218421270531962e+02 7.757305219444018576e+02
2.081943241444434989e+01 4.466385434120211357e+02
8.982702208686745848e+01 3.246367241804301784e+02
2.685059605156650377e+02 2.256026129669571105e+02
1.125512978682536414e+01 5.628129728810046117e+02
5.900450205717622794e+02 4.373105291208223093e+02
3.313224053049350459e+01 4.025640994269265889e+02
1.553775483001686553e+01 4.936701462553381816e+02
4.056282865796613351e+02 2.446420410336593818e+02
3.876517182797772421e+01 6.352550016821037389e+02
4.301315862813639797e+02 2.544359054246631899e+02
3.368043907278633355e+02 2.223978257971293715e+02
5.138129660247312813e+02 3.137512359144863012e+02
4.015525560741906475e+01 3.862090561580434382e+02
5.758822550750662117e+01 6.830032150358077843e+02
2.435839090068588462e+02 2.270677894295878332e+02
5.419103103020618164e+02 7.017158486662174255e+02
2.136792737706848584e+02 8.004886486404784591e+02
4.504272234080435737e+02 7.784950704628803351e+02
6.333137696620428869e+01 3.552309593447698148e+02
5.507827773389769845e+02 6.819228010860800850e+02
1.421828622491582337e+02 7.635910946006260929e+02
4.938429545789295503e+02 7.514141023119486817e+02
3.124040819316779789e+02 8.103387045954309542e+02
1.230911525940401532e+02 7.506768595130547510e+02
5.790905922500069209e+02 4.081955220392101751e+02
3.110895772142889086e+02 8.151801219378471615e+02
5.807932100952666588e+01 3.573395876085352256e+02
4.669797674810026820e+02 7.714003958780706398e+02
4.664930834934366430e+02 2.678590418847993533e+02
4.901452739690120097e+02 7.569691620580322251e+02
1.219377730188386977e+01 5.536549253301935778e+02
4.455192296406345349e+02 2.640299295462256168e+02
5.263367427687693407e+02 7.143186224711761270e+02
5.876893145991471101e+02 5.973475883594488778e+02
8.666439285677577686e+01 7.111576971822654514e+02
1.316705093609480457e+02 2.844551117011082511e+02
3.531383279867412739e+01 6.240266237922080563e+02
1.293923932290709899e+01 5.075935154380719041e+02
3.731953280971345066e+01 4.009719098820477257e+02
2.879261576260483935e+01 6.140357218041327769e+02
4.940414359155689681e+02 2.908041159161265909e+02
1.708754045901019083e+02 7.776304304191714891e+02
5.043390956983207047e+02 3.043096722076174956e+02
4.827124248144123158e+02 7.615179704597015871e+02
3.853618819307604326e+01 6.442556147857764017e+02
2.492853899017773358e+02 8.120534286394635046e+02
1.005241867572834167e+02 7.271581209406855351e+02
4.940620256717420489e+02 2.893883855180043270e+02
4.286352253814611686e+02 2.547591443585540674e+02
1.944837460456477629e+01 6.007013161168555371e+02
4.847087025273178824e+02 7.511513854748266112e+02
4.571533404483540153e+01 6.461551683083615671e+02
5.905503777814847126e+02 5.891744503180620995e+02
6.719172265162853819e+01 3.533219876958542045e+02
1.609978662746686950e+01 5.247030010806844302e+02
4.424619596613769090e+02 2.535809350329539598e+02
4.929255745037077077e+02 2.936590944537745713e+02
3.658430396345704594e+01 6.403768444286118893e+02
3.964922559451591155e+02 8.030504717985518255e+02
4.358697011469666336e+02 2.526818559407915359e+02
5.928695068600901550e+02 5.902749503082163756e+02
1.426783272291539220e+02 7.619125709108445790e+02
5.978525369483078293e+02 5.668354619281021769e+02
5.878255952235572295e+02 4.142064628139370370e+02
3.447492292086926682e+02 8.085708898639079507e+02
6.067879154506549639e+02 5.338340538758201319e+02
5.580020837002077769e+02 6.675238555262454838e+02
4.490184916527971382e+01 6.502903472772358100e+02
3.626086551588827547e+02 8.079954554088460554e+02
1.838746139692813983e+02 2.536914441480912501e+02
1.729951968493827508e+01 5.300012226778743525e+02
5.131685032451010784e+02 7.288190507673896263e+02
4.693254513408562048e+02 7.682784264637887190e+02
6.498947075956226627e+01 6.811907478892306926e+02
5.988031159388349352e+02 5.705060561996712067e+02
1.662037971445715812e+01 5.129318660395171037e+02
6.042708473856321234e+02 5.147398793640451231e+02
3.869666396064537253e+02 2.322731392387755704e+02
7.999644794519630864e+01 3.261019688213687004e+02
2.670951530694256348e+02 8.136708825872963189e+02
3.828137900375730283e+02 2.356855593466386836e+02
5.556652784129773863e+02 6.737476479662366273e+02
1.748750607728489115e+02 2.534768019371945229e+02
4.079471056424081894e+02 7.992809453276499880e+02
4.472840678435866266e+02 2.625821132388921910e+02
3.324311251451127873e+02 2.227717598985478276e+02
1.487751566112120827e+02 2.766107992371373712e+02
2.708012959187551019e+02 2.310724489035698639e+02
1.196707114191842436e+02 2.950233639187190420e+02
2.055691435859938565e+01 5.891358905058965547e+02
5.483977050745404540e+02 3.529381439741300710e+02
4.829800428214413159e+02 2.861180665079103846e+02
6.043549312088940724e+02 4.807648557400762570e+02
5.508798541520006893e+02 3.577788449444727235e+02
1.606567215171143346e+02 7.758270498570789186e+02
1.630367414300542350e+02 7.734458321245833758e+02
4.985280619696652593e+02 2.906027431704121682e+02
4.017224859783634088e+02 7.976548914153145233e+02
2.385927574459651623e+01 4.550019002520232902e+02
4.506406061420892684e+02 2.633683280801588467e+02
2.208406742217727299e+02 8.025837959520205231e+02
1.579471024854558436e+01 5.372628775613898142e+02
3.250488378842488828e+02 2.262348372587883318e+02
2.825969939508592006e+02 8.169615080608986091e+02
5.515646766729016690e+02 3.551676749004784597e+02
6.019257921447622266e+02 4.721047584294111630e+02
1.657550334723480887e+02 7.727946239195294993e+02
6.026070235399944295e+02 4.988203525110916416e+02
4.934227099186102805e+01 6.637144041248051280e+02
4.909105532505524820e+02 7.481714160974770493e+02
2.383602318166426244e+02 8.110745697008474053e+02
6.012495093763953946e+02 4.619227427328462454e+02
5.744919280140967430e+02 6.528509948810064998e+02
4.569176545963265426e+02 2.596740139495887547e+02
1.812168331706004096e+02 7.861151395061968969e+02
9.521135384546826685e+01 7.279687587978004331e+02
2.954689023716207430e+01 4.300806305886077894e+02
4.567341171642999598e+01 3.929093644526143976e+02
5.314891875228599929e+02 7.145162003388902576e+02
1.600468261090622946e+01 5.652452351669547852e+02
4.855120272541414010e+02 7.529983719216608051e+02
5.253238846530053934e+02 3.214727238413463510e+02
3.370715412178930137e+02 8.101694462831212604e+02
3.988298160238709329e+02 8.002512967081222541e+02
5.718702959316378838e+02 3.883344467878667956e+02
5.465189066771705484e+02 3.410065859959072441e+02
7.062044612000212851e+01 6.900901278367678060e+02
5.454994734050428633e+02 3.504832664252492123e+02
1.645685150086980855e+02 7.775319788186579899e+02
5.704428341915406691e+02 3.856099445384556930e+02
4.463638336926737793e+01 3.893079289605775557e+02
3.517840527076430135e+01 4.081876326914303377e+02
4.186501013317541720e+02 7.955946618458178818e+02
4.802497412963260786e+02 7.623520544261289160e+02
1.651877187369727551e+02 7.813283806451402143e+02
5.458521936062091982e+02 3.439401696401811250e+02
4.827170483308220810e+02 7.568209095978579626e+02
5.991165700951287363e+02 5.375721486562479186e+02
1.878639330237683680e+02 7.927007381846884755e+02
3.054089511729989681e+01 6.111437883196722396e+02
2.945319532752257601e+02 8.115125990657156763e+02
6.013119301111435107e+02 4.688934136025737871e+02
2.329056083705029323e+02 8.076192954826616415e+02
1.566711172428711052e+01 5.138190883953076309e+02
1.830178480233297478e+01 5.956103142557909678e+02
6.073119357000214222e+02 5.316918134161892340e+02
1.292212638776233291e+02 2.849201245881375826e+02
2.078587293707094830e+02 2.422057379686061154e+02
3.779569632564559356e+02 8.049835845309846718e+02
6.062699080080167278e+02 5.119736854408918134e+02
5.275765487197077164e+02 7.126736760853825672e+02
6.012884547170509109e+01 3.506618693367557853e+02
1.865758266097519993e+02 2.553771956791109687e+02
4.199270664632250600e+02 2.469767580993350862e+02
6.005541004918127328e+02 4.931607363492734066e+02
4.160380293875260804e+01 6.349598628596748995e+02
5.715733839369140696e+02 6.617274374882779284e+02
5.842348815958293926e+02 4.154787816639278049e+02
4.908763006040230152e+02 2.864385785752281208e+02
2.419245287719428461e+01 6.108488277487774667e+02
1.589117847259647078e+02 7.728479344375786013e+02
4.604498522984969213e+02 2.700608793090412405e+02
5.360049623640338723e+02 7.081437839770222809e+02
1.748278266787832536e+01 4.456905550496810520e+02
5.591730267447412643e+02 6.800295506014520015e+02
3.006043927436104468e+01 4.096484541010887597e+02
1.973625168748156966e+01 4.865340889153968646e+02
4.430683139858601862e+02 7.764743119883844429e+02
4.851104330826763089e+02 7.602393348922381620e+02
5.436687967365526220e+02 3.387625971698020066e+02
2.475040366048614260e+01 4.385531519847602340e+02
5.927062911646743260e+02 4.323957987527146543e+02
4.125450072724295865e+02 7.355119973197168974e+02
4.478742425154397324e+02 8.056162295241866786e+02
4.831572067689361347e+02 8.463415445449004437e+02
8.311114953997533803e+02 8.803786820323254005e+02
6.979944826078136657e+02 9.250683606235027128e+02
6.612412071827378668e+02 3.296549351421307392e+02
9.603187640919206842e+02 7.256296486991366237e+02
9.644153877719840011e+02 5.372536060711285018e+02
4.529887927468246289e+02 8.041942762228708261e+02
7.966322952139793188e+02 3.592903573368013213e+02
8.085737328432492177e+02 3.602060741383144205e+02
9.811630440363506978e+02 5.945375622372514499e+02
9.608375942297603842e+02 7.419440921236282520e+02
9.502395532997538794e+02 7.496130271690263953e+02
7.658141921354585975e+02 3.496718764749878687e+02
5.028322191597131336e+02 4.025836374472171428e+02
5.121623565789052464e+02 3.892664397909605896e+02
6.554737087010313417e+02 3.380240339733397263e+02
7.273196444422015929e+02 3.321602471678442612e+02
4.727103089161818161e+02 4.279986184370361570e+02
4.449116949555767633e+02 4.646320729847619191e+02
9.711539212058253270e+02 6.781624383703185686e+02
9.665113088591156156e+02 5.324006798007345651e+02
9.462348664042033306e+02 4.978898065851830665e+02
5.655770731681127472e+02 3.569144531192957857e+02
7.158869899894586979e+02 3.324773043163042985e+02
7.255265368609493635e+02 3.317830379995700127e+02
4.083446463892510110e+02 5.198248188157401728e+02
8.751454127465761985e+02 4.091429861541955120e+02
8.620077984221969700e+02 3.969114461168857133e+02
4.760445939561963087e+02 4.185372466043388613e+02
8.531716321208218687e+02 3.898456846135636624e+02
8.691930294522139775e+02 8.605016922062133062e+02
8.689664201820221479e+02 8.593284409640853028e+02
9.679181855366261971e+02 6.979903217321839293e+02
9.767329728221668574e+02 6.208323487186163447e+02
5.342566687659639229e+02 8.800657122790390758e+02
9.017136699415603971e+02 8.232935790937740421e+02
9.109645355872831942e+02 4.411894840354915459e+02
7.810812879062730190e+02 3.528141749726664216e+02
3.892930100289613051e+02 6.458871025348337298e+02
3.917885221094842905e+02 5.964563991093623372e+02
3.964741306308569051e+02 6.627145455375989513e+02
8.328900115336997487e+02 3.722401009638384721e+02
8.956827944037499947e+02 8.366626046880392096e+02
9.798698045758291073e+02 6.471533443025668930e+02
7.228925211276070968e+02 9.208484023579727591e+02
9.841651732993605037e+02 6.144484873072065056e+02
5.095208774592858845e+02 3.925492213569739306e+02
4.037744410162929967e+02 7.216439866599145034e+02
5.136487765596007193e+02 3.881571015880351752e+02
6.626835301960546758e+02 3.328231654210327406e+02
6.521978727806630332e+02 9.201493681261306392e+02
8.818793611808425794e+02 4.105615430895097688e+02
5.190438434615657570e+02 3.790514370926308629e+02
3.957560976622365843e+02 5.817738097741521415e+02
8.395610728080480385e+02 8.801587563160727541e+02
5.144495298653375812e+02 8.666316614687945048e+02
5.307245471454523340e+02 3.715060915235329730e+02
9.339378010051220826e+02 4.714055163504802977e+02
9.395598784310009250e+02 7.850882045788704318e+02
4.811717423847626378e+02 4.211362227109759715e+02
8.875059826109796859e+02 8.406302481417687886e+02
8.403767634931068642e+02 3.781702611348788423e+02
5.580179265592378215e+02 8.989853833455208587e+02
7.555955355257523252e+02 3.431623992901816678e+02
6.946011014201480975e+02 3.317091010438392686e+02
9.188953402970618072e+02 4.418876527074550040e+02
6.737312526056972501e+02 9.202695620568370032e+02
9.765926103060253354e+02 6.849784823175560859e+02
3.928838899197393175e+02 6.858227793321335639e+02
9.819459878339165471e+02 6.598079866471030073e+02
9.767517001661224185e+02 6.852100951306980505e+02
7.839837040370389332e+02 3.490526264784288628e+02
8.483825261721078732e+02 8.718455406154666889e+02
9.690648295004427837e+02 5.574216598127379712e+02
9.094113992765007879e+02 4.410662059619586444e+02
9.709469988384794306e+02 7.080830668710133295e+02
5.692893263646449213e+02 3.592260776041771919e+02
3.971644712031632594e+02 6.928288297807021081e+02
3.936282361022315399e+02 6.824275060761622171e+02
6.280046434545422471e+02 3.372843687556054419e+02
6.834769654780301380e+02 3.353402048062310428e+02
9.362865119577578525e+02 4.718288024359752626e+02
7.460772822369646065e+02 9.206743374494707268e+02
4.761987388533536887e+02 4.202886080407658937e+02
4.289036822668034006e+02 4.782980414296971503e+02
8.631245592481666336e+02 3.967261151056939639e+02
5.545585315087374738e+02 3.689076339738250567e+02
6.794288630665586197e+02 9.186443789879322139e+02
8.604023887621358426e+02 8.628916778643615544e+02
9.771701870795501463e+02 6.522017903751199128e+02
9.534173196987492247e+02 5.160493683495727737e+02
8.800942228900789814e+02 4.024620347434622545e+02
7.786851621457809642e+02 9.032969790235928258e+02
7.186658386804149359e+02 3.384629010465811234e+02
8.325976248831791509e+02 3.683087967724752048e+02
4.140414092115230460e+02 5.132740813809563178e+02
9.419704585700626467e+02 7.689486695138607502e+02
9.752488476180024008e+02 6.590931780855769375e+02
6.757158830404056289e+02 9.266936083807865998e+02
9.118529724812019595e+02 8.093560024041601082e+02
7.632760347155917771e+02 3.443695482756061779e+02
3.907599900793557595e+02 6.576587999203293293e+02
8.073383136992000573e+02 3.549644879091209759e+02
4.166869818672471411e+02 5.078408700759804333e+02
9.753655964815493462e+02 5.825963823338793190e+02
5.966826052871912225e+02 9.118475087105146031e+02
3.888656058896278296e+02 5.980890456262599173e+02
7.699794162084754134e+02 3.509936074485815425e+02
6.952746475291027082e+02 3.378333112927300590e+02
9.793407030417533861e+02 5.878139074288169468e+02
3.929637054511273391e+02 6.048796338402679567e+02
8.256175403792860834e+02 8.878772353528219128e+02
5.700001586741450410e+02 3.554386788587206638e+02
4.900522808060659941e+02 8.506569479382069403e+02
9.702919504734138627e+02 6.911659223185049541e+02
4.645103318174850529e+02 8.218344157988599363e+02
8.876084226806299284e+02 4.105515688595381221e+02
9.472939462864046618e+02 7.638557280623970200e+02
9.527589025451453608e+02 7.413952572239452365e+02
9.709706268886895941e+02 6.867905110793502672e+02
6.994474704656731774e+02 9.248521003766273907e+02
9.184741965463118731e+02 8.037706825914588080e+02
4.178236804724416515e+02 5.045974634793025757e+02
9.268366976740110204e+02 4.580667538009754480e+02
5.943013341203507025e+02 9.080723849398368657e+02
4.327828725468699531e+02 7.769264843707621822e+02
9.570652343988579105e+02 7.332390708953781768e+02
6.226021960417613172e+02 3.418568257735994393e+02
8.163194551341579199e+02 3.607065401574093357e+02
9.637473454304470124e+02 7.177606498809151390e+02
9.251814366518558472e+02 4.498786185527803241e+02
6.149386366890563522e+02 3.367926720304015475e+02
3.941501575103625896e+02 6.007573307456749490e+02
7.902958745067655855e+02 9.070705754228774822e+02
5.317008300331820010e+02 3.784533535626627554e+02
8.008586694964575372e+02 3.594988372398274805e+02
3.918038538393113299e+02 6.083596208433215224e+02
9.332832254391521474e+02 7.952545008195882019e+02
9.725526661464791687e+02 5.574340451056918937e+02
5.058646810326593481e+02 8.655605953615724957e+02
9.137359535604701932e+02 8.109379452592490907e+02
8.374790962357878925e+02 8.783759289532673620e+02
9.235704441841074868e+02 4.507598352549627521e+02
8.703697312201725254e+02 3.924756762250329984e+02
9.731305271448269423e+02 6.951351233816284321e+02
7.226850035142001616e+02 9.170536310408897407e+02
7.720235654031002923e+02 9.057495863610807874e+02
3.896521073311969303e+02 6.347155551616331195e+02
4.430361696272454992e+02 7.902164723985149521e+02
3.973912346366738007e+02 7.080032291878354727e+02
6.465291405682328332e+02 9.173421625610504861e+02
8.580422063258351955e+02 3.876372345095386436e+02
7.624586304319709598e+02 3.449442504755718915e+02
5.487385783624390569e+02 3.629990309330270293e+02
5.907666955375514135e+02 3.496521732764997523e+02
8.349428553928216843e+02 3.766812580747259176e+02
5.067403602039169073e+02 3.996716455194953710e+02
7.253163450678937352e+02 9.225844897613058038e+02
3.971024718419093347e+02 6.686877247919087495e+02
7.773268513156750714e+02 3.435607935827022175e+02
5.380114524173503696e+02 8.859350267850161345e+02
6.941218416976578283e+02 9.268312096091017338e+02
4.856797826412113182e+02 4.149380823606393278e+02
8.022611381487452036e+02 3.537741590597753998e+02
9.522632824980200894e+02 5.015395333215496407e+02
5.657462106304917597e+02 8.931475580714826492e+02
9.803357371885010707e+02 6.475244613719148674e+02
6.595250824202547619e+02 3.339987107230692231e+02
5.393948840583568654e+02 8.815300824294947688e+02
4.260061582194231846e+02 4.818936480448472821e+02
4.384593140811959984e+02 4.609090243087994168e+02
4.062366696696914801e+02 7.260172381945604911e+02
5.310532408326423592e+02 8.794488348414865868e+02
9.614397734373524145e+02 7.347659359253350431e+02
3.911114480312202204e+02 6.335391920489589666e+02
9.389707837954132401e+02 4.764753653103259126e+02
7.357890029877012239e+02 9.144143948589099864e+02
8.021085037366160577e+02 8.943520698050313058e+02
6.702008651699406983e+02 9.184410565917403346e+02
4.144299595576679280e+02 5.173117954663696310e+02
9.222471972359167012e+02 4.477370352993657434e+02
4.727162247963379968e+02 4.189373235266111806e+02
7.380532021583218238e+02 3.428870900449413170e+02
3.892808283915731522e+02 6.032525916612420360e+02
7.959311300646846803e+02 9.020934469529663602e+02
4.175310672996953940e+02 7.570671882561753137e+02
5.855506145834260678e+02 3.537958382401103563e+02
7.064563736570547690e+02 9.259819377717938096e+02
8.622692203485351001e+02 8.644523270400093224e+02
4.693367258994722420e+02 4.305136972607740518e+02
7.188346756074081441e+02 9.191399623302525015e+02
8.656311466113663755e+02 8.588041984182707438e+02
7.026399571159013249e+02 3.312345862192349273e+02
8.597540327572854721e+02 8.626799692896564693e+02
9.817523891412070043e+02 6.148408578208487825e+02
3.864836877887369724e+02 6.495350301890872515e+02
3.970310097190306351e+02 5.512746726080439430e+02
9.739242437690800216e+02 5.633786914770212206e+02
5.651016774005674961e+02 8.997796390994498097e+02
9.219602802684416929e+02 8.076694996894229917e+02
7.832728816625397030e+02 9.083752936317307558e+02
9.623267529755535179e+02 5.275251751147454797e+02
4.003571343103686218e+02 5.361890189574353371e+02
8.024606713258081072e+02 3.576256166586425707e+02
7.725238943192720171e+02 9.098788372719905055e+02
4.030214200281883450e+02 5.351869939806233560e+02
9.155508391426701564e+02 4.413695789395095517e+02
8.220157501839767065e+02 3.658031292920337592e+02
9.340206250793149820e+02 4.783504198690766884e+02
7.193274078087482621e+02 3.333227792544231534e+02
9.820864629657990008e+02 6.380122735723033429e+02
4.219505870215468235e+02 5.051495591346272249e+02
7.980556074741258499e+02 3.527709877724632292e+02
6.667594901273402002e+02 9.241940302976604471e+02
9.163817533277400571e+02 8.065636498429335006e+02
7.014998393471378222e+02 3.350806985105868421e+02
9.182691175989899648e+02 8.127136727488110637e+02
7.388396657864112740e+02 9.177688881603024811e+02
4.730512905633668197e+02 8.369857548025315737e+02
7.665048882501766911e+02 3.481458482273023378e+02
4.441699906192498020e+02 4.532238422967229781e+02
5.986845950660693916e+02 9.080925758883269054e+02
4.214842301151247739e+02 4.934374792713123838e+02
3.938154527699619507e+02 6.346718079668133896e+02
4.069006148648037424e+02 5.372483539509568118e+02
4.303136236559848271e+02 7.754893784977730320e+02
8.207506435035853656e+02 3.652461546694451613e+02
5.076586222430189537e+02 3.892400834660030000e+02
6.866420609980873451e+02 3.354605984992552976e+02
6.018270519853415408e+02 3.475591615385584419e+02
9.726749846155939849e+02 5.641341353154052740e+02
7.060900216374816409e+02 3.326702857152068873e+02
6.641655992692577684e+02 3.380362540995101313e+02
6.281754562254352550e+02 9.173657021725089180e+02
4.085706986850945555e+02 7.177930122876697396e+02
6.088578305250097173e+02 9.090398999737362828e+02
6.273100100265086212e+02 3.373748297652570045e+02
9.087761042695391325e+02 8.245866398275387610e+02
9.321491933765973954e+02 7.949114686543350672e+02
8.046528458478841230e+02 8.926186213475691602e+02
4.653136530845500829e+02 8.306366425977274730e+02
9.817152277965369649e+02 6.016236434544956637e+02
8.447297978371336740e+02 8.784079802342266703e+02
7.276061623713230802e+02 9.234703568254236643e+02
9.724745816080243230e+02 5.614410242690902351e+02
5.065421127961187722e+02 3.879641581545163262e+02
4.462301509066019207e+02 7.972768352902942297e+02
4.598630256067560822e+02 8.251313068419445926e+02
4.474370262326682450e+02 4.466772305851322358e+02
7.533060254015144892e+02 3.437632916955722635e+02
4.558146952857959491e+02 4.442880441640777462e+02
4.033729687749782329e+02 5.404897536097437296e+02
4.087378031853412494e+02 7.350135367495048513e+02
6.515292297087680709e+02 3.369457987732872652e+02
9.255829502900854777e+02 4.551672017015239931e+02
9.382254989986554392e+02 7.874954618895635576e+02
5.721071755772231882e+02 9.037587827540991157e+02
9.478533583590592571e+02 7.665649928606762842e+02
5.385831775239976196e+02 8.786884863939768593e+02
3.930236598985371756e+02 6.137542544443462020e+02
5.105524082706053264e+02 3.958708586798044280e+02
9.097759920723536879e+02 4.330390827390979780e+02
6.723546236663447644e+02 9.273786508343066544e+02
9.066914198458574674e+02 8.210323578607251420e+02
9.706643163346684560e+02 5.628652297347756530e+02
8.019996372999472669e+02 3.603969462532128887e+02
5.550363847366986647e+02 8.972036888496068059e+02
3.896934539884626929e+02 5.816863984185637264e+02
3.881736207642276213e+02 6.132935176520938967e+02
9.581600480992281064e+02 7.328412166684665863e+02
3.966991629968326265e+02 7.003077430599333866e+02
6.006532965055534987e+02 3.480935430483399387e+02
3.916491577726325772e+02 6.816453818082535463e+02
3.962254782440019198e+02 6.555724821760697978e+02
6.429518232904935076e+02 9.252563666446239949e+02
5.989039369208458083e+02 9.078844332332480462e+02
5.537434892015651258e+02 8.920500052159804909e+02
9.708794704612563464e+02 5.677525613826134077e+02
5.384812369698278189e+02 3.734386902319808996e+02
4.120698731680699325e+02 5.166499544041155332e+02
4.058186746727170657e+02 7.339441366793994348e+02
8.834522386204396298e+02 4.101711232929359312e+02
6.346879491124399237e+02 3.408316881625762562e+02
7.863918198881195849e+02 9.073306759155823329e+02
4.200596426778327555e+02 4.994986466377439456e+02
7.917569947906940797e+02 3.550464291514133492e+02
6.878384782778666704e+02 3.371260521670618573e+02
9.613444754782856307e+02 5.246776015933235158e+02
4.491390484158589516e+02 8.020476017518055869e+02
9.795899824050208053e+02 6.183979356981499222e+02
8.793221211363273824e+02 4.078077841870185694e+02
5.029622283873586639e+02 3.910778798573200561e+02
4.713058222948208140e+02 8.336084920246074716e+02
4.539118959135257114e+02 8.162930859601984821e+02
6.039025572743814791e+02 9.097679575251063397e+02
7.503572424987605700e+02 9.171277039699532452e+02
4.264611037224688062e+02 7.766616618896615591e+02
9.779679515105472092e+02 5.685201653611230768e+02
5.704818480727069527e+02 8.977218866963106620e+02
7.043197560961916679e+02 3.373554694422155649e+02
7.139501611824022120e+02 9.192192872488028570e+02
7.042811771005964374e+02 9.197876463305149173e+02
9.781188681852111131e+02 6.348798296184099854e+02
9.767865422392264918e+02 6.439129485605911896e+02
8.939524054962565742e+02 8.332409195706482024e+02
9.283011470363568378e+02 8.004802566115240552e+02
3.884751912780292855e+02 6.011227688279521999e+02
9.710947982538142469e+02 5.445142665208275048e+02
6.610142462927251472e+02 9.236188950311225199e+02
8.367733457356830513e+02 3.718662043447578185e+02
6.874024513056082242e+02 9.238000884967043476e+02
6.608463666694725589e+02 3.309222358355426650e+02
8.533556478432354879e+02 3.918799907650541741e+02
8.035845698479415660e+02 9.036096474634728111e+02
4.746033293595285159e+02 4.218887387480879170e+02
3.890222614946499675e+02 6.102773461193531830e+02
9.737465399566571023e+02 5.514111731758647466e+02
4.466268240292823748e+02 8.046417780455193451e+02
9.554279704229577419e+02 7.529174262478022683e+02
3.903187425457866198e+02 6.197374913432339554e+02
8.182032661721714248e+02 3.681970398586047963e+02
9.692516711398395728e+02 6.869661130354173793e+02
8.273452623779910482e+02 3.701147835375986119e+02
7.439334775536875668e+02 9.209834428138447038e+02
4.007670566386178734e+02 6.907101290713389972e+02
7.256470836566119260e+02 3.393971732238192089e+02
9.331945905279656017e+02 4.637666186225546880e+02
5.337161161883221894e+02 3.771366810220158641e+02
8.875865767970990419e+02 4.130298612066687838e+02
8.844906355959379880e+02 4.073369187030995136e+02
8.154831174061336014e+02 3.681960545857669445e+02
7.149031038476018693e+02 9.219468243800172331e+02
8.369261584393304929e+02 8.840312967247205052e+02
7.314601586996166134e+02 9.197713412493994838e+02
7.637364120795375584e+02 9.113184080139506023e+02
9.809743006494963993e+02 6.502063496633491013e+02
4.220919149732222877e+02 7.656536592625928961e+02
6.322582746888518841e+02 3.352315719698236762e+02
5.201837787490040910e+02 3.885670535115135635e+02
4.019663908019803102e+02 5.550263222193181036e+02
8.381442678636041137e+02 3.798367750013646287e+02
3.936587658951788171e+02 5.773031198580238197e+02
9.521282612764905480e+02 4.990476606345249593e+02
8.562609907913818006e+02 8.640835912738227762e+02
7.277425481509275187e+02 3.412021623663150649e+02
9.601924630217131380e+02 5.194471006809949358e+02
9.239277793108102514e+02 8.020178545754068864e+02
8.948737955674603199e+02 8.385374527387325543e+02
8.756625951932907128e+02 4.096591963576358353e+02
9.777104413750886351e+02 5.658498088027730546e+02
5.102011052128852384e+02 8.602194470613646899e+02
9.759985027212031810e+02 6.053239733465524068e+02
3.986549878028138778e+02 5.742205369021354500e+02
4.000923598439322291e+02 5.382369306777242173e+02
9.564930755427361646e+02 7.475597874435510448e+02
9.784117039282059523e+02 6.794791156125027101e+02
9.388603408087245725e+02 7.787628750395770112e+02
9.415169588942458176e+02 4.773358589931815459e+02
9.411881433917437789e+02 4.874437237330736252e+02
4.100694925446950379e+02 5.245580145617307153e+02
6.052463363907361327e+02 3.477692806540229071e+02
5.257047871053421204e+02 8.822898194247785568e+02
8.767709696986230483e+02 8.483411254850226442e+02
5.083896163126410102e+02 3.906757437365424721e+02
9.573876523269932477e+02 7.384993301583815537e+02
4.576287040483345550e+02 8.229820731557633735e+02
7.352190778065809127e+02 3.415012117023050564e+02
3.954931542750942981e+02 6.989405468927202492e+02
4.274559847379455846e+02 7.684208818401184544e+02
7.328961546382030292e+02 3.409395752567796194e+02
4.032267803086241997e+02 7.095817098156378506e+02
8.504025635567215886e+02 8.779083515575671299e+02
4.573384023173673540e+02 4.475806540109942944e+02
8.326786222121243100e+02 8.801578470495317106e+02
7.241236573153103109e+02 9.174193285743059505e+02
9.710471298736924837e+02 5.588422285777966181e+02
7.511056129377031993e+02 3.431227958640524776e+02
9.113814725304580406e+02 4.336586221809583321e+02
8.935423319556828119e+02 8.335249544179640679e+02
9.232112505977593173e+02 7.993776080158647801e+02
5.696550185429778139e+02 9.003613975599811283e+02
6.764649027574791944e+02 9.225216195232088694e+02
9.690247080453685840e+02 7.002259242527776451e+02
8.179255338084124105e+02 3.676297585046244194e+02
9.614453370025270260e+02 7.393507477542310653e+02
5.265248674468018635e+02 8.781388008154156068e+02
4.042303749344634980e+02 5.541036775458986767e+02
9.246594693038450714e+02 4.534787549079777591e+02
4.537917219940429732e+02 4.532608235383625583e+02
4.683599845436304463e+02 8.355794283874789699e+02
9.496425795381715034e+02 4.942485081361103312e+02
6.618666217703314487e+02 9.273194901781414501e+02
9.048986803981142657e+02 8.249906576725466039e+02
8.855392619243693844e+02 4.123549508283994101e+02
8.734135792693784879e+02 8.524655368276016816e+02
4.980735759631464248e+02 4.039631536477069744e+02
4.819085623589548959e+02 4.197251753980731337e+02
8.659558673700011013e+02 8.611211095157767659e+02
8.921298901359825777e+02 8.348408676179022905e+02
5.114690820529860957e+02 3.881495445250302510e+02
9.768607204181951147e+02 5.914242280186027756e+02
9.833658071182030653e+02 6.063579526370355097e+02
9.829960954048061694e+02 6.488458431778075237e+02
9.720921173265187463e+02 5.486951510477075544e+02
8.712412772676764234e+02 4.047726611793194138e+02
3.926309281219940317e+02 6.626955594744733844e+02
7.787774253306287164e+02 9.126535077380823395e+02
5.785774261648061838e+02 8.994580584973450641e+02
8.940130093673415104e+02 4.154266667381260731e+02
4.040242717556870389e+02 5.545739507627184821e+02
3.985067203981615194e+02 6.799768227250102655e+02
8.527736517712112345e+02 3.812156448492398795e+02
9.505414727059098823e+02 7.667163130694038955e+02
7.706313248935775846e+02 3.427028650979690951e+02
8.024268572169933122e+02 9.034542552522912047e+02
4.733605884748071162e+02 8.393160878632515960e+02
9.840775428981480673e+02 6.260750206318057280e+02
5.442299427823913902e+02 3.671228014146831242e+02
9.738428096926652415e+02 6.931694943020510209e+02
3.942814930267373938e+02 6.673446892592397717e+02
7.868340255168956219e+02 9.104985925092025809e+02
5.520148806901690932e+02 3.655248552119576289e+02
4.481478030428839929e+02 4.460643610819607261e+02
9.591258455094789497e+02 7.399098944853889179e+02
4.713452575658342312e+02 8.348289622690404030e+02
9.548377880718842334e+02 7.399842389286344542e+02
8.938454624994650430e+02 8.357329575776243473e+02
8.512782505004231552e+02 8.732899375555077768e+02
7.326796055719970582e+02 9.236557261603578581e+02
4.090755622234652833e+02 5.243260992648097272e+02
6.660253404626231486e+02 3.305416288261655495e+02
9.572074611015759729e+02 5.234151568526657456e+02
8.321671523171116860e+02 3.761450358668954550e+02
9.638994212116253948e+02 7.245158358801072609e+02
9.822189377325781834e+02 6.466733877207722117e+02
3.895963863191309429e+02 5.998516738202207534e+02
9.631067385242316732e+02 5.348219186395358520e+02
8.549448312114691362e+02 3.903936270711031398e+02
5.101010052456406925e+02 3.861776379401909480e+02
3.944097885332960800e+02 6.710275961981174078e+02
9.647865897496203615e+02 7.135349092469444940e+02
5.022685579742694699e+02 8.590540811218321551e+02
6.058154268922786514e+02 9.146946494497096865e+02
5.717870820499238107e+02 3.592271180480890962e+02
6.645587669050445356e+02 3.375475416835940905e+02
4.283134360289276401e+02 7.786110897502977650e+02
9.447825452705833413e+02 4.892031689421008878e+02
9.736984038102735894e+02 5.589863339732628447e+02
9.753353590792792147e+02 6.268761863225594198e+02
5.493327871411763681e+02 3.699708944415653491e+02
9.818469750772384259e+02 6.171083944864540172e+02
9.755321453590380543e+02 6.314969670209363812e+02
7.170736275834741491e+02 3.383574600383586244e+02
8.818828473707728790e+02 4.106188113907463730e+02
6.254982803034682775e+02 3.400411723388465361e+02
6.424800423686170916e+02 9.208788620543682555e+02
5.438395352283714601e+02 3.685084973432103652e+02
9.525588482632906562e+02 5.005345624974208931e+02
9.330844831975039142e+02 7.887366025423644942e+02
9.785701307499030008e+02 6.728672762435097638e+02
9.087406990678410921e+02 4.357073802042569923e+02
5.290186664984421441e+02 8.751157372400267604e+02
7.198643740131163895e+02 3.323480565229205581e+02
8.068466733039545034e+02 8.919002885831725962e+02
3.886085782288328687e+02 6.437884638879509112e+02
9.573965152381501866e+02 7.507731991455864318e+02
9.781704405962104829e+02 5.765555071845667499e+02
4.224538742242193052e+02 7.553950579005017971e+02
5.883923218021744788e+02 3.498760161637321744e+02
3.985171224566566366e+02 5.770187716075315620e+02
8.020825245451541150e+02 8.972173998282764842e+02
9.102097025843245319e+02 8.239408618433109268e+02
8.135807579887041356e+02 8.967255820863825875e+02
8.373679832307232118e+02 3.762442566165566973e+02
9.509261998995477825e+02 5.103754670750869877e+02
7.721673181988064698e+02 3.471408901919168102e+02
7.124864985409305973e+02 3.328272381557603694e+02
8.089035215395366549e+02 3.554230988575635592e+02
4.108257899821650767e+02 7.247009620682651985e+02
5.997341445996032689e+02 9.056238980665602867e+02
6.895065537176393491e+02 3.370849837595425811e+02
4.644152857955790523e+02 4.259529675924954972e+02
5.957950721254101154e+02 9.059290083268333547e+02
6.423870917050828666e+02 3.345945676794275983e+02
4.507568384521138114e+02 4.517030623297616785e+02
5.973862694928758401e+02 3.478496123162895515e+02
3.883785242725691091e+02 6.154532676962036248e+02
8.863382207934139387e+02 8.404551225121598463e+02
4.203959441840122508e+02 7.530990644742373661e+02
6.940337575436997213e+02 3.362357500597856301e+02
9.626350463672957858e+02 7.369426433951754234e+02
8.802568640461837504e+02 4.075785894176262900e+02
6.509197925285892552e+02 3.309392748293081468e+02
5.340644211657231608e+02 3.754637665738873693e+02
6.965192500655401773e+02 9.235290226594547676e+02
4.907805938354826480e+02 8.563589617075410843e+02
9.744926464694458446e+02 5.853851746210308420e+02
9.617113896686348653e+02 7.431292958709292407e+02
