4.429101505254100744e+02 5.413127229940821508e+02
8.975827625760405226e+02 4.151257197201832128e+02
2.004187467704995242e+02 1.536153402313338177e+02
5.385347875177627657e+02 2.616387506157968801e+01
7.429148021592775422e+02 5.616409716768736189e+02
4.891924103878767482e+02 7.407416175863160106e+02
8.516016687402602656e+02 1.813202609230317819e+02
2.487797547371450690e+01 8.134464211224006931e+02
7.322021807878851405e+02 3.788199133435996373e+02
3.438131838291296276e+02 6.564507573822240829e+02
7.798789624911862006e+01 4.831113576424331768e+02
3.688376028100017834e+02 6.187551462715313164e+02
3.916389406054627784e+02 9.603855619142378828e+02
1.301357604771922070e+02 9.825628236325618445e+02
5.730309538456292557e+02 7.832220247951826764e+01
6.170796203883230646e+02 2.770960239101876255e+02
7.646495637628403301e+02 9.720969078275787751e+02
8.640050045784531108e+01 3.747220670445337873e+02
2.530194410227943820e+02 7.239152693067890141e+02
7.759828446519974250e+02 3.911994977142422272e+02
8.351151332991519212e+02 7.491125699499963275e+02
8.738456904878999012e+02 3.557072756165686656e+02
5.233453206247204434e+02 2.273196416700936595e+02
9.871309487243939884e+02 4.924566613934917427e+02
4.236288088989815606e+02 5.904694976740454422e+02
1.025092177762765289e+02 1.752579909338120103e+02
5.807260535341616787e+02 7.709128606608948076e+02
7.480649041416625096e+02 2.223963698527513486e+02
7.227736354448952625e+02 4.314294352651610893e+02
5.033828027312211475e+02 5.723100237379484270e+02
3.152068277194398433e+02 8.885264877912509291e+02
5.759746405365790451e+02 7.082983589088271401e+02
7.627870506406972027e+02 1.722919478216223865e+02
4.340102615517151889e+02 7.382897879323666075e+02
9.914521036170630168e+02 9.032706675735250883e+02
5.318690169505498488e+02 7.286837256707342476e+02
5.774421676103558099e+01 6.828214528403284476e+02
8.808196718217303669e+02 5.679802112730217232e+02
2.114709751595703722e+02 9.986059544956415266e+02
2.238008774639890248e+02 3.784180053507504340e+02
5.759953074287625441e+02 2.793348802508425024e+02
3.324707971764992749e+02 5.955365306489837849e+02
7.385045779211175159e+02 3.204060701637890816e+02
2.225522688832374172e+02 7.446393111761706223e+02
1.541239442240225230e+02 5.309211585857154887e+02
4.339523530262671329e+02 9.621417398999798820e+01
3.943409695026365398e+02 4.705244600780659425e+02
5.667984214400817109e+02 4.088900540925798168e+02
3.996107500905889083e+02 8.734190118647192094e+02
2.472792015069711340e+02 2.614916413398330519e+02
7.511603229786378506e+02 9.552468309049061190e+02
2.831169198527646813e+02 1.483709947871554391e+02
9.655250733026069838e+02 9.507531052600721750e+02
8.395434597649333455e+02 5.970561458981317173e+02
9.402431516002806120e+02 7.363408613146928019e+02
9.960746856520048595e+02 4.374655644208103240e+02
6.967837181817704106e+01 9.076508341285327219e+01
5.622275399862828635e+02 2.765047170610034186e+02
8.060609614421578044e+02 4.066291233974494048e+02
6.766181741891383581e+02 4.959096724443483595e+02
9.376520984281504525e+02 8.707442574286372405e+01
1.148099039842112035e+02 1.612046951458400201e+02
4.619405203531777602e+02 4.175588705811743466e+02
8.971766506469765545e+02 1.406342312589633536e+02
5.282383758654474377e+02 7.588347683419591476e+02
5.183574560985284734e+02 5.999501365573903513e+02
2.122417110284533521e+02 9.231438296451306087e+02
5.530123954373133301e+02 2.015293038051939618e+02
3.115557558177917130e+01 6.144215210054607041e+02
7.760407036153868603e+02 8.292450214186564494e+01
1.262390169687835879e+02 8.315388261682577422e+02
8.468196253599164720e+02 9.357057385429437772e+02
4.091572569867126958e+02 5.576321140909990248e+01
2.685233479729321857e+02 6.178556701837339915e+02
5.664060726832908585e+02 2.527425628654193019e+02
5.556850323453124929e+02 3.222519412201966134e+02
3.429480691426318799e+02 1.998474399993532913e+01
6.790750166721285268e+02 8.655379005579789009e+01
1.351091259308109329e+02 9.741952801259145645e+02
1.680851454189564720e+02 8.011087180712811460e+02
9.240201707729152076e+02 7.473430029472187925e+02
8.095546842386864910e+02 4.437782063069250853e+02
8.115659918128814070e+02 2.446754227378426947e+02
7.829218659088586492e+02 4.360643355923706963e+02
8.501154093474127649e+01 4.305336822046967882e+02
4.906374161433949439e+02 6.715786296960876598e+02
5.025457701107559387e+02 7.448614211880997118e+02
7.233893306898769424e+02 9.989378326254035301e+02
2.703986838767659151e+02 7.367019598292249611e+02
3.275736250059691201e+01 6.976741622803053815e+02
6.106907536996261570e+02 2.945676743933424291e+02
7.135408386060074690e+02 3.938364930260241863e+02
1.841961011699399933e+02 8.899282601017222305e+01
8.848677442246588498e+02 7.029327801489384910e+02
3.362696136917232366e+02 5.284284325276528307e+02
2.747613532394850040e+02 8.248200182496644857e+02
6.607768100490717416e+02 4.455297558558856963e+01
1.065870566584165005e+02 7.530444014889455957e+02
5.190916750903755883e+02 2.577268259512766058e+00
5.996041305569468705e+02 8.987277780752688727e+01
6.807773147977599137e+02 2.113085741197836569e+02
8.376787038912520984e+02 8.990617600970507795e+01
4.234804143531902696e+02 6.596344649617644791e+02
7.597121651622971967e+02 3.946200296900751709e+02
3.329854448373367291e+02 4.567767423582391757e+02
7.137912356414994974e+02 8.425999533790412670e+02
5.711852351852257925e+02 8.346881396458960012e+01
4.482760503696996466e+02 8.766763170268554859e+02
2.432071310209678074e+02 9.448742158751567786e+02
2.394933773903338192e+02 5.123927953344827984e+02
6.558188640041627195e+02 2.498019430214387739e+02
8.277786947895640424e+02 7.201526351774614341e+02
3.461299058934355912e+02 9.243293996920044719e+02
9.481867479691112521e+02 1.090483034753415552e+02
2.081977827995045232e+02 3.654745847271851744e+02
5.100522770282164515e+02 5.206737753118703722e+02
5.506173760917577056e+02 2.036091420917351869e+01
6.636776596767309684e+02 1.405070522205775774e+02
2.899281531964848000e+02 3.296146113959032959e+02
2.282024171143521869e+02 7.652845155577914511e+02
1.520029845333615981e+02 7.189424191984193158e+02
1.028010739416366164e+02 2.632959304274008332e+02
4.044082401464798977e+02 4.237092733961974886e+02
8.379327053770070961e+02 8.084745517910771468e+02
6.198015487255304379e+02 3.373773326555173924e+01
3.326091396372045210e+02 8.596114428967327967e+02
7.391800472706984237e+02 2.322646437154549517e+02
2.633988506028371717e+02 7.302415367197796741e+02
5.955773718645540384e+02 5.798693859417703607e+02
8.586554111711460564e+02 5.460866474603293454e+02
4.852154536882324720e+01 9.521766566755554777e+02
1.835145020424301379e+02 1.642064405886632983e+02
3.826070853618948036e+02 9.701752718779667930e+02
6.057131292213488223e+02 7.268849096827063931e+02
2.887948062308103090e+02 8.397362972371603291e+02
4.594425887135761286e+02 9.390334986018590371e+02
8.870259690365217011e+02 3.254647697483575826e+02
9.124713156751060978e+02 2.095976869143412102e+02
1.849502004488021782e+02 2.566704271192812143e+02
4.276426932219917489e+02 2.084255486655852678e+02
9.594241455878953957e+02 6.701269396419568238e+02
4.443618744837789336e+02 6.674706369089832947e+01
8.917127686210653792e+02 4.714644609512590705e+02
5.667709918715232789e+02 2.620701014610893509e+01
1.782495401773857111e+02 2.066768345191515266e+02
8.992728488662164636e+02 9.499256489185233931e+02
4.320929455791699070e+02 5.790471891390156998e+02
7.807725823364605731e+02 7.046383158515673131e+02
5.072794808841852614e+02 5.748040767849214490e+02
7.327160579865377485e+02 2.992916171591997454e+02
1.474625365094612732e+02 4.125467452612156194e+02
7.822988680236755954e+02 9.456536222142507313e+02
3.773864310812105032e+02 7.187422461411682661e+02
8.897742223320399262e+02 8.797023108799612601e+02
9.114647886878632335e+02 9.359567988891604955e+02
7.812312216309476298e+02 8.193483022182050490e+02
7.980486293862785487e+02 8.487873314645288758e+01
8.078457363226423240e+02 9.055143173957835643e+02
2.405105850555989662e+02 3.326653813001767617e+02
7.834541514735336705e+02 2.690542029854500470e+02
6.196316757517516862e+02 3.021656068360878322e+01
6.944945250938350227e+02 2.637072419745373395e+02
1.877446173063872550e+02 8.964407036827630009e+02
8.707322087739148628e+02 2.110076595972614086e+02
4.399064228683023998e+02 4.423597986977053438e+02
6.961151931802612580e+02 3.425418344309766212e+02
2.803346559803611058e+02 8.300255994151862069e+02
2.248255071007440051e+02 3.936179490075954845e+02
5.354246079892241141e+02 2.075250043406186080e+02
1.828172110033055020e+00 2.371123594670342527e+02
6.979895575709559807e+01 5.351825283406497213e+00
6.437960672879372623e+02 1.829709094782970737e+02
9.809830639457211419e+02 7.025687403847036876e+02
7.409562014316084344e+01 5.757258591555311114e+02
6.909322500019770814e+02 8.413678221408238187e+02
6.921237893994943988e+02 7.453405539978410843e+02
5.246274770208161726e+02 3.792437607106061819e+02
8.021366634608268669e+02 6.862476050748733769e+02
7.878405871621599772e+02 8.556812746374072276e+02
8.073356780164629072e+02 3.028058841674635460e+02
3.939282817383302699e+02 9.424022422624337878e+02
3.213214444445121671e+02 4.164335529830296423e+02
2.982943656282892562e+02 8.798764044797462702e+02
1.197644236268193794e+02 2.653909861242820156e+01
7.458664627228763493e+02 8.263865676537020590e+02
5.685629380695980899e+02 9.593364982965690615e+02
8.864492828937910645e+02 4.159799748235136576e+02
9.229259002054187704e+02 7.502947343867241443e+02
7.623706025119573724e+02 7.631857133940062567e+02
9.159665208493365753e+02 7.341470737332786030e+02
5.679611836464470116e+02 7.066043471960002762e+02
5.665231897001492598e+02 5.191139030248648112e+01
6.385087184592297405e+01 7.322035088901538984e+02
3.239359122765100665e+02 3.521051749413242078e+02
4.721531806757462135e+01 4.170850523618354373e+02
3.007533055334499039e+01 2.645372732537992988e+02
8.650920280220224186e+02 9.189276683525996532e+02
6.855235536244854302e+02 4.141068059938484112e+02
6.959666523863645580e+02 4.739889965531373264e+02
2.195381987986459933e+02 9.866053726975948166e+02
7.846838339406563136e+02 5.690702884153797640e+02
3.840471890339636474e+01 4.611702277046267682e+02
1.020334131898923431e+02 8.130620710326085145e+02
1.000732762790039772e+02 3.716811982151080542e+02
1.625834339818281649e+02 8.067275366227369204e+02
1.264483498402195778e+02 9.686558963111673393e+02
8.558735768266890318e+02 9.919677920343702908e+02
6.085457301391163583e+02 6.847964476592864003e+02
4.285749498731100857e+02 1.615848911542905242e+01
1.490070230753736098e+02 6.771555247609952630e+02
9.432479388985566402e+02 7.160781503476816852e+02
3.918953452372841895e+01 4.202865871520141923e+02
3.818251012165634393e+02 8.074900376709261991e+02
9.671224634119002985e+02 8.236168725907514272e+02
7.657839406949685213e+01 8.600665956878883378e+01
6.026094362228343471e+02 2.248308033625750966e+02
2.370857178494292157e+02 1.149100875452058190e+00
2.069941348769703779e+02 7.018820091864791948e+02
7.722147603149500128e+02 2.353252341000726631e+02
7.354437983885728727e+02 7.715848196302010820e+02
7.439880211845561462e+02 8.071566503290447372e+02
6.314125957774211884e+02 9.251125581347423577e+02
5.551965238580170308e+02 6.790528679733195077e+02
3.204924121279135534e+02 6.457982732761072384e+02
2.509964367829751097e+02 2.150276545930420866e+02
8.577782891306319470e+02 3.997976454943649287e+02
8.551336073855688937e+02 2.661626185102086311e+02
6.284213025687110985e+02 5.246855328523288335e+02
9.028977603172671706e+02 8.096245480561340173e+02
9.196107214606782918e+02 9.808269313262707101e+01
3.519604777663055870e+02 4.421222410990446292e+02
1.425359637344465398e+02 9.259714701767597944e+02
9.615499948837180000e+01 1.014889828527972782e+02
5.727787778339693432e+02 6.055477180970412974e+02
9.799434300468117272e+02 2.907900219105567885e+02
9.331398215974913910e+02 1.407955016315139005e+02
4.768648857369713028e+02 5.964669561475344608e+02
4.491400624065406078e+02 4.972866402990267147e+02
8.372829168042253514e+02 9.359478736766155862e+02
8.987486475260110410e+02 1.259671140700128262e+02
5.230248815236684550e+02 2.985381797270688367e+02
9.387165974293412773e+02 3.182407313944214593e+02
4.331369866342699311e+02 5.060337978354658617e+02
3.867320864201794279e+02 6.034295806525366288e+02
7.972690717993713179e+02 8.716790892909227750e+02
2.687366022560927377e+02 7.837227454288770332e+02
4.880589502603260712e+02 6.416044650357066530e+02
2.168331588029275281e+02 5.561894913926187201e+02
2.133848679562692041e+02 3.471369195111024624e+02
9.050258464613607430e+02 4.847698557381064006e+02
9.408240894516586650e+02 5.837935305845935545e+02
5.091527274129322791e+02 1.548018004184793597e+02
4.765005481936756269e+02 7.230922452260120963e+02
1.451543269290406215e+02 6.703879293445703524e+02
8.820560622530169894e+02 9.842763682747659004e+02
5.716659479225545510e+02 8.409306749449889367e+02
5.197315442601291124e+02 7.173319932807648911e+02
5.899318974861059814e+02 2.475491468184353039e+02
4.893727912183439912e+02 8.158097375085542353e+02
3.495182578846208798e+02 2.453238904224327541e+02
8.930037283506218273e+02 1.965381224825131312e+02
6.505748681179159121e+02 4.527118484378746075e+02
5.400391446758679876e+02 7.475277329143285669e+02
7.373325247395775932e+02 8.898980031393253967e+02
5.603526507985800720e+01 7.751385582969420511e+02
7.639061719205491272e+02 4.960915628952360521e+02
5.507595019446816877e+02 8.705147546226775148e+02
4.001188043933838685e+02 6.386462915301709700e+02
8.613197253974645946e+02 7.823934635219731035e+02
6.072158669330677867e+02 6.901575351857535452e+02
4.676235943452410311e+02 8.773760868117163625e+01
5.000894978589428774e+02 3.240346446903564015e+01
8.551590400410947268e+02 6.253213005023075084e+02
8.558450272266554748e+02 9.470776497035611783e+02
9.018096281315069973e+02 3.957215129764944663e+02
9.370035351943253090e+02 3.633611248962280911e+02
7.990675497943932726e+01 6.278333960687913304e+02
1.361149929669730341e+02 3.976675510588785301e+02
6.328231663539539795e+02 2.805022797716940772e+02
6.434219472752258753e+02 5.607595964077132749e+02
6.027927638792229814e+00 1.957276129167292424e+02
1.439199152053037949e+02 2.400148336585439068e+01
3.147712387042174100e+02 4.595003359048001244e+02
3.679339321115405710e+02 6.970781244736139115e+02
7.529940297911400648e+02 9.334536085670758894e+02
7.209264009560600925e+02 1.361911747640148747e+02
5.106968926403108071e+02 2.303608342892677854e+02
4.057252465492635451e+02 8.271350635068546353e+02
8.331528487583632341e+02 2.651982454912416074e+02
6.806951160696137322e+02 1.615671596147684284e+02
1.746771512475420138e+02 8.360924076888023819e+02
4.424645772714240479e+02 6.826229304823955317e+02
3.321542655031446429e+02 8.870032239565189229e+02
8.182524772963604391e+02 6.590676977363660853e+02
6.930537054382560882e+02 4.981206020653223732e+02
2.966801903872377011e+02 1.185940703064081134e+02
4.041720836059026283e+02 3.497472589261550979e+02
9.857000231819885130e+02 7.352198912197968639e+02
1.998667860037550703e+00 9.903505655708619315e+02
2.620099142579696263e+02 1.054760268520102926e+02
7.997105204359568233e+02 2.271981214922992365e+02
9.723237466521088663e+02 3.902616229883412302e+02
4.149546879368448913e+02 1.915014589931678302e+02
3.962708296873734639e+02 9.248052105165711509e+02
9.697536488771038421e+02 2.582207087228393334e+02
4.918349849987668563e+02 5.606276536415557530e+02
9.512380532429515370e+02 4.364700716063618557e+01
8.060636985186238235e+02 2.354664199138356651e+02
7.482703681416435302e+02 1.856916114244569940e+02
9.200538131608411732e+02 5.803661485942635636e+02
1.072156143574326563e+02 3.314564445051126995e+01
8.178673219714833067e+02 8.900745665025281141e+02
7.453750879731067016e+02 1.026964475731814161e+02
9.146324925693440946e+02 7.624466746653594100e+02
3.372756159761758568e+02 4.174609670794984027e+02
6.323628332248766810e+02 7.368707475432881893e+02
1.209984054964214977e+02 6.986953066809484199e+02
8.175064600191154796e+02 7.242469308294685959e+01
1.417590244048513171e+02 1.557609481182453806e+02
1.193340101198939749e+02 5.105628078884698766e+02
8.889782686809467123e+02 1.578615649599688311e+02
6.442385089582867295e+02 8.656529325401839969e+02
7.305044471508803099e+02 2.539524572127381816e+02
4.901097455715369620e+02 3.685158887530009224e+02
8.316043856282674369e+02 1.465552238105234437e+02
3.741797266653158545e+02 8.762855034231570244e+02
5.984197727244296630e+02 5.666720160662769104e+02
3.284271591153255940e+02 7.718137447197897245e+02
9.570121756498801915e+02 3.449513711679384187e+02
4.558010112350596899e+01 9.456704779989399867e+01
8.658032479401590535e+02 6.235776334830776477e+02
6.822301556206097075e+02 6.678787187925200897e+02
9.175416895741750523e+01 3.605033209094142990e+02
7.192366434117181484e+01 3.059993399302759371e+02
4.479486164031942508e+02 1.536884299060409376e+02
8.919236644829038596e+02 6.078702637821279495e+02
6.838488285245770157e+02 5.394425299979751571e+02
6.412925181893050421e+02 4.959235550970191184e+02
4.400736541083447833e+02 6.114284322748872000e+02
3.886763453898602734e+02 4.591693204148595555e+02
2.529209670605174836e+02 8.085179849680134794e+02
9.545905683750245174e+00 9.390037427741392548e+02
3.859692186548605832e+02 6.469081452805112349e+02
2.221717563016145505e+02 3.936706887634545637e+02
6.546645496148048551e+02 2.769088463814948113e+02
9.111033556176322463e+02 5.184717198896742048e+02
9.962490458352050382e+02 5.788357791435597619e+02
1.959497167218481195e+02 1.732163889682323372e+02
1.941792923666490935e+02 3.680409470460675152e+02
1.041226378146076215e+00 1.768476601570756479e+00
6.374930729276399006e+02 1.796418019329398703e+02
7.874189778156509192e+02 7.176351685277072647e+02
9.343852220155300756e+02 8.157542727718232527e+02
9.908958639723794022e+02 1.441838060331857108e+01
9.215846439925856259e+01 6.897656681184794252e+02
6.805405564454831620e+02 6.581393686263213567e+02
7.168331410786815923e+02 1.603963747311863983e+02
8.118362859075480173e+02 2.975480212278822592e+02
1.008637131578785642e+02 5.827400212080500523e+02
5.655261219828580579e+02 7.761255049446425573e+02
5.526418051975563230e+02 9.597457195642605257e+02
4.578938758331908616e+02 7.196939234276013622e+02
6.313035693290605650e+02 4.852826999256427598e+02
5.693038652094721783e+02 4.655349033185972871e+02
3.464376893725251421e+02 5.547994175423019669e+02
7.996650328498202498e+02 1.374717710741466590e+02
2.452138267844330528e+02 3.878995916728056415e+01
7.737331844935049503e+02 6.990444642968462574e+01
3.189655369344894780e+02 6.144781255421934247e+02
9.639467763519186292e+02 6.566200014393629090e+02
6.597204677437199507e+02 5.656918845361482227e+02
5.667172306572430216e+02 8.214763670912528823e+02
4.312162478745422618e+02 5.570560683819545602e+02
6.835301166365985637e+02 2.333097027250213955e+02
7.177840604147125987e+02 6.173800353636065665e+02
5.483586712943475732e+02 4.578708671504382437e+02
3.164596398538477473e+01 3.186598128065033393e+02
4.747880104513038191e+02 7.576178010304980717e+02
4.745489391222912445e+01 6.166475963411517114e+02
7.660324703811521658e+02 9.019237287954033491e+02
8.646078961158970060e+02 5.269965730597247102e+02
7.669320640854747353e+02 3.974201048053826923e+01
6.365286307330500222e+02 4.120691914041963173e+02
7.851899080501633534e+02 8.385068858073461797e+02
6.927007920415243234e+02 2.785385414824914392e+02
9.003265990279929838e+02 3.721992721961084953e+02
2.707831113387774167e+02 4.344185414050389795e+02
1.231041477767701480e+02 1.685264948202819255e+02
1.098120893199980799e+02 3.944433807166308839e+02
6.390617149039219385e+02 7.333120347217636663e+02
4.580604565953958627e+02 1.509981364543466782e+02
2.267463093348354164e+01 8.237727355648272010e+01
5.943637694788028512e+02 7.451929003678188792e+02
3.202917048644349052e+01 3.907223780672701423e+02
7.095845539139507991e+02 2.733202416283347702e+02
2.388461401516902640e+02 8.333696023210918611e+02
1.098872389675689192e+02 1.090354400849790011e+02
4.998739464430784665e+02 7.169089712782399602e+02
8.564651710962779134e+02 1.408552699936255124e+02
8.351637553889819401e+02 6.454765122360960277e+02
1.923174308899414768e+02 4.253338582280376841e+02
2.095835464937050290e+02 8.533183053677857970e+02
5.782056465898187980e+02 4.616055762024351452e+02
8.633593468160062230e+02 8.832097929298070085e+02
6.663692961251707629e+02 6.811905477347995657e+02
1.417165990491940875e+02 9.664126554090181571e+02
5.605646029026780752e+02 1.937239239144714702e+02
2.012723432952284668e+02 2.472107644928910304e+02
4.951237493200506492e+02 6.731349987246246656e+02
6.138025941962177257e+01 9.992472242085136713e+02
9.676794175572284757e+02 3.744175304934144037e+02
8.528237733247841561e+02 7.533346826950433979e+02
3.315702808975440519e+01 6.782898324584054990e+02
9.636781322827857821e+02 6.656383187593668254e+02
2.789322480585598782e+02 2.328250549789845536e+01
3.096555205701509976e+02 2.918296837348078725e+02
7.486511720428401304e+02 8.558157757004175892e+02
5.886259240662045613e+02 5.494352900475324759e+02
1.336633071210311527e+02 3.351387975143317135e+02
1.796583404498965990e+02 5.563532219124647327e+02
1.377791222006607939e+02 3.905187183831181414e+02
1.503923411512531061e+01 7.042588653708480706e+02
6.968422225312702949e+02 3.333363066879036296e+01
8.947118620425333120e+02 4.167918779904683788e+02
2.680248801604055870e+02 6.940696985418745726e+02
5.711557471753975506e+02 3.777771741513022903e+02
3.880029825177805378e+02 5.818023233259789322e+02
6.867807395589865109e+02 9.284335391806775988e+02
3.427841934800698596e+02 4.681749809699750244e+02
5.501573348219831132e+02 9.731257934615902059e+02
8.401041746218475055e+02 1.660267995674387009e+02
8.518963190240010590e+02 7.931374555588369049e+02
8.617002586357615428e+02 8.464104074360918730e+02
2.238862538159747118e+01 5.379951548950682536e+02
7.478079592756736815e+01 9.154420158245093262e+02
9.076826372448747406e+02 9.195409084685172729e+02
1.528680503855636061e+02 1.402091091713497804e+02
2.929167399539404073e+02 2.118317883134206454e+02
2.359742987421171847e+02 2.807401074642168481e+00
6.460170803845077216e+02 6.295380083536820166e+02
2.828261946975129035e+02 4.145921492828215946e+02
4.433350942309543825e+02 4.987053834725654156e+02
3.079916776388730568e+02 6.790192918821876447e+02
9.626532540701375638e+02 4.960718065794777942e+01
8.286476955388029637e+02 3.506370412482333450e+02
3.972968389943253555e+02 6.529909692470647542e+01
8.177555725188607312e+02 5.440923219810299543e+02
3.906193714557860517e+02 6.080270445145514486e+02
1.636001648767834240e+02 7.235140749923584735e+02
8.294669933891069604e+02 9.455582058757661343e+02
1.131409821437816561e+02 2.026132372651963180e+02
6.627496548676673456e+02 6.316061710111068805e+02
9.409344055031149310e+02 8.449211564578040452e+02
4.334723679658725359e+01 1.518883471980185789e+02
1.492245646564556125e+02 8.963329029942532316e+02
2.396857054021457429e+02 8.411051608975486715e+02
5.272093516641051991e+01 7.768933183232331885e+02
8.275281494648123726e+02 3.113869653318919291e+02
7.012842843754017395e+02 6.979133211339686795e+02
3.529921054200346475e+02 5.978111091325699533e+01
8.878074593283557761e+02 1.297063717143775996e+00
8.651209795576515944e+02 1.340098078195909181e+02
9.795219497836213804e+02 8.729616955956294078e+02
8.465655112084201619e+02 6.945074747847013441e+02
1.020522473833090942e+02 2.491413922682089606e+02
9.339098657631618607e+02 4.219903451760354187e+02
1.475654679192024332e+02 6.564405202900403538e+02
1.650506341458442989e+02 1.617780092287148932e+02
2.905345863573160159e+02 5.369928765490595879e+02
3.191041982228670690e+02 5.014341786048530594e+02
9.318808817318830506e+02 8.248757793364992494e+02
2.728373148543312823e+02 5.454622011760057632e+01
5.307806288935294106e+02 5.513004962128522948e+02
9.956583042911067878e+02 3.721099226283690768e+02
4.000949602807605174e+02 4.761888582112528070e+02
9.107654237096047609e+02 7.042273135823714938e+02
1.796242778819734554e+01 2.947463260101982314e+02
8.839199353742303629e+02 3.990044240443480135e+02
6.139411740811505069e+02 4.515607466655030748e+02
5.975068149182002344e+02 7.102711851236648499e+02
5.866015344182775380e+02 1.037436354556684535e+02
2.029231504076009003e+02 1.885701145970358823e+02
1.902729788658514849e+02 6.079947830357968996e+02
9.826612244127315989e+02 8.833327916576743064e+02
3.092395390674451505e+01 9.260226276148188163e+02
5.738057028673676996e+02 3.346382965594496284e+01
4.040407388504503388e+02 3.644517332794318349e+02
3.147787786409917885e+02 2.721209207808958013e+02
5.005952048322425298e+02 4.167062645428898549e+01
9.034586034568313835e+02 6.382435323981535475e+02
4.918824375647498073e+02 1.396307285820561503e+02
6.021783593102931036e+02 6.333643125949869273e+02
1.926294310354870163e+02 8.817404281538364330e+02
4.799819344766077620e+02 7.671500808111197784e+02
9.511151087197425795e+02 7.242753144111842403e+02
8.086496223497432538e+02 2.386772979985768472e+02
3.460733428974326102e+02 1.774149834666194465e+02
4.421653981926478991e+02 2.178683820277347252e+02
5.483530734383997469e+02 2.555063514116478984e+02
7.577102924195198739e+02 5.244269055370232024e+01
2.206698722457697386e+02 3.359782836210775940e+02
9.237120416865459447e+02 5.889173007322556685e+01
6.397525245246902159e+02 6.665224142315728386e+02
1.639431571289767930e+02 4.483380840147393087e+02
6.430321945501824530e+02 2.179069730672714797e+02
1.755192834435594875e+02 5.557919125109667675e+02
6.242837414566670873e+01 1.359726033542637538e+02
2.864617108723075489e+02 3.310749413154107970e+02
5.988901217928189453e+02 9.281143860734333657e+02
8.990939526586927286e+02 2.444329449155607676e+02
7.880753119412127035e+02 1.428650659887099721e+02
3.678612036161434844e+02 2.040502541703277473e+02
6.899524802051271877e+01 1.377145172629174965e+02
4.816193742279839540e+01 3.561448121296012346e+02
4.604426651629593721e+02 9.650760594528519505e+02
3.460531667357579977e+01 2.228965449382698125e+02
9.924129188900732146e+00 3.771900663835250498e+02
8.858893565116233049e+02 2.484282442236557245e+02
7.528875927238864563e+01 3.010328610691547055e+02
8.726493122084228844e+02 1.441319360750655676e+02
4.382748981477472512e+02 3.712482297793850705e+01
3.513367375641779518e+02 1.084940749609275557e+01
1.444061377485632534e+02 1.886027121678319816e+02
4.733921023826589476e+02 4.881383662070049922e+02
1.629585609909267419e+01 8.396400918843401087e+02
8.406546028745584636e+02 2.652909576485561729e+02
5.214055498166051166e+02 9.132757014179096586e+02
3.897981767374103867e+01 3.682779491865352384e+02
9.819826575085214699e+02 1.789689798253490949e+02
4.165607571050500013e+01 6.011885705602632015e+02
8.899455475074809101e+02 7.076177945845289514e+02
4.040693015391161111e+02 7.150203143271943418e+02
9.426174185656219606e+02 9.353771711570146863e+01
9.551300079622858448e+02 2.653039890749948881e+02
1.673671946353680937e+02 8.052994394758953831e+02
1.769435989707879173e+02 8.921484318411280583e+02
1.609666457743462615e+02 3.079133136426275428e+02
7.964280285380750684e+02 8.381565242692915945e+02
5.530974228924999352e+02 3.534082505537134011e+02
8.138327706770523946e+02 8.301670794894619121e+02
7.533656904255534528e+02 5.080591164288026107e+02
4.409813299299592160e+01 5.266039211099559907e+02
6.476600204413340407e+02 3.265480314247192268e+02
3.491278348471280424e+02 4.893084068386055492e+02
7.422536199197299993e+02 4.049327768119468374e+02
5.509417996973770641e+02 3.125365918793720965e+01
3.123783236385568784e+01 3.734293199626212072e+02
7.217493198558684071e+02 6.406141707745784970e+02
6.731223034324569880e+02 9.331136401030551042e+02
3.149439236971540481e+02 1.461296247712878937e+02
4.660710404274437479e+01 9.244262774792489381e+02
5.483125814528327737e+02 5.828786724036157239e+02
8.502677257613872825e+02 5.591449263650489456e+02
3.316325901383575570e+02 3.738486214549434408e+02
7.457705442959075981e+02 7.879704540523656533e+02
7.512260094504538301e+02 4.572706575445399722e+02
7.390898317655501160e+02 3.827652719814869329e+02
7.120318375055651359e+02 7.551398444466911997e+02
3.679396854088378177e+02 4.290045058248653618e+02
8.381849123255219638e+02 2.081955380407334246e+02
2.426501227005317674e+01 5.284293477941505444e+02
3.301415871041392052e+02 7.572590362728037405e+01
5.268621352202818571e+02 3.221086748023566315e+02
5.998699280401002625e+02 3.541479665020858079e+02
2.628710295047201839e+02 8.317698493482837421e+02
5.418170080606805641e+02 8.815956669806931814e+02
5.429523964803494209e+02 4.474521871076173625e+02
6.209993831062719210e+02 2.866227050044886369e+02
7.739982662358719381e+02 6.489653761436987907e+02
1.979489350598807675e+02 1.870714023214220560e+02
2.363001333600961402e+02 5.229338950095341261e+02
5.362361195760656756e+02 6.376301025680186285e+02
4.021111911001640493e+01 6.715050957705946075e+02
7.148987337516481375e+02 2.056259237760643543e+02
3.317145741810178805e+01 8.540677082148399677e+02
4.899236304780131377e+02 1.792048354890850703e+02
4.334152804670499108e+02 1.523541655289064636e+02
8.974704217474615575e+01 2.114180145422525072e+02
1.846152881662417258e+02 7.527349189353587917e+02
9.358131470735780795e+02 9.755133146514129976e+02
9.884118925489829053e+02 9.248337899712028047e+02
6.901359402341233817e+01 7.618233924809661630e+02
5.956108083303823832e+02 6.537760646161913201e+02
2.197438913774604146e+02 3.682249836429581933e+02
2.049658596653278835e+02 1.231698335042471513e+02
3.896080457659298872e+02 5.023778468982384879e+02
5.946429223747176138e+02 5.689536621409382633e+02
2.921747744756109100e+01 1.044157917322289251e+02
3.383815680449217211e+02 6.457321526445814470e+02
6.837092877058066733e+02 5.974420902974383125e+02
7.663561137214768451e+02 2.228462950402676412e+01
6.949844078374758283e+02 5.601341920823379041e+02
4.206791694780827129e+02 5.050266068692721433e+01
1.527597899454295032e+02 5.670731120435514185e+02
2.972846703825802024e+02 8.701873555760189447e+02
1.807875852871364657e+02 6.621479222006751115e+02
8.815684823359022175e+02 7.014051811503794625e+02
6.536081476409260915e+01 8.479350576106796780e+02
8.136351722907155590e+02 6.143997133384738163e+02
2.338567411165234375e+02 7.908921886601576716e+02
7.398573398300671897e+02 6.513819810203904126e+02
6.680378194180686933e+02 7.369728076333749414e+02
5.573664907421782573e+02 4.312548787255192906e+02
5.386767344268325814e+02 8.778285993209708522e+02
9.255447987552563518e+02 4.844292791966631171e+02
6.463679504964279658e+02 4.714369705910634707e+02
4.369920616000813993e+02 6.002905722082774673e+02
6.948552656299267483e+01 6.594349418531943456e+02
1.837344829648621669e+02 2.434305349173643265e+02
7.545406196346337424e+01 2.755082857337923770e+02
9.236811377103382483e+02 2.397517488926266367e+02
2.226371050407701659e+02 9.108031237935332456e+02
5.780026310950370316e+01 6.088257255015205374e+02
3.637067950873234849e+02 9.618976297160237436e+02
5.477044771440753124e+01 3.585600450942848738e+02
4.120061545375386203e+01 3.687479739816873234e+02
3.387246616907215753e+02 9.657629864837641662e+02
6.978099561419376187e+02 3.780356323469920881e+02
3.234336290931389044e+02 9.801244183057447117e+02
4.807803432817855196e+02 5.193304395395182382e+02
2.321027702123230654e+02 4.003521855032430494e+02
4.740446030787078939e+02 7.268985452921037904e+02
2.784765641743747011e+01 6.304084270897852775e+02
7.088507266401812785e+02 5.246907186912574161e+02
8.449545381812856704e+02 6.179315021807283301e+02
1.665310909336049576e+02 5.192859689131386176e+02
7.467641353376453139e+01 1.660861988301313090e+02
8.612141424282177695e+02 4.752922339722798206e+00
7.363747951756826069e+02 8.090101458368990279e+02
2.969304825712507636e+02 4.195971438103662763e+02
7.930461931598981664e+02 3.843898967263390318e+02
3.429555535112569373e+02 8.153709201242373865e+02
9.047462360698107204e+02 9.719892227796822226e+02
9.358847381926099160e+02 1.081742344864364895e+02
6.725304875556980733e+02 6.110372202748355903e+02
5.418811022696864939e+02 2.360766626995608419e+02
3.726535593787226617e+02 3.056144151933472131e+02
8.958751030006961855e+02 7.419667422204769309e+02
5.257180248568798788e+02 7.099508956555084751e+02
6.499690121394610287e+02 3.790565981185293367e+02
2.719480028256194828e+02 4.014170369001593031e+02
9.301785645029603700e+01 5.474765792389869148e+02
2.203883566159770169e+01 4.385852762804180998e+02
1.369486636342687120e+02 5.902542877520459115e+02
2.919496896991038284e+02 2.680234870027905458e+02
8.032108497972241139e+02 4.514996155520053662e+02
1.691906108842955518e+02 9.423176604786034432e+02
3.257658111149175397e+02 9.530960466934143369e+02
8.283991906349336887e+02 8.180306254965179278e+02
1.278431516353940651e+02 9.027952200036427257e+02
3.297019653631189158e+02 8.729575239357221790e+02
3.490578821590729603e+02 6.776853181386666165e+02
2.604545180424805153e+02 3.801844999349785894e+02
6.337305004262632337e+02 5.570022987258336116e+02
7.511749348073274177e+02 3.519600382837077177e+02
3.492585406440568363e+02 2.922207463946904227e+02
8.781855580652944582e+02 6.004497436742828995e+02
1.922206931194803019e+02 9.129465791768271856e+02
3.327523942324818336e+02 2.948695958889151711e+02
3.690967328238272671e+02 3.079849491635976619e+02
3.641606006581932320e+02 8.493021502457970655e+02
8.508175307548538058e+02 4.069541892377264389e+02
7.675789956414088238e+02 8.146488697233515950e+02
3.216430047012853493e+02 3.026781006397490046e+02
7.532720820691062045e+02 9.185819082522702956e+02
7.277180268205577249e+02 6.357087227206457101e+02
7.997184406324897736e+02 9.462210283654695786e+02
8.052739561433897109e+01 2.479154185375988959e+02
3.982490067491120271e+02 7.256836286726408503e+01
8.622448616568784701e+02 5.167082037242591923e+02
2.552547974262932087e+02 8.214866826427119122e+02
8.066904705670031035e+02 1.047889670575729042e+02
7.117484419971798388e+02 1.997413730600989936e+02
1.564625205260441589e+02 8.854729014719614497e+02
7.412512592134376064e+02 5.831741115391758967e+02
6.437087728479950499e+01 2.076061220114833183e+00
7.039074909756859597e+02 7.919264393860094060e+02
4.799289850287668173e+02 7.621305058167682773e+02
9.659426310940882558e+02 9.262514452154146056e+02
4.956928379867273406e+02 8.451199060544657868e+02
5.388652602845605770e+02 1.726060338424300085e+02
9.839746546079241796e+01 8.452349323084182515e+02
5.836994681421283531e+02 8.718669855733578515e+02
1.055927915923159333e+02 7.024576239180620405e+02
6.941556675517513213e+02 7.944052746519346329e+02
2.578174590698752127e+02 2.022237253089674880e+02
1.606795304099273380e+01 8.064397820699362001e+02
7.461258357788181002e+02 9.654498948350859564e+02
7.517548072206022880e+02 4.462896408173555756e+02
9.455934522238876525e+02 2.028130494036030029e+02
2.774393527278184024e+02 6.445274087452967251e+02
7.429397471134583384e+02 2.654153586459986514e+02
4.569066679684175938e+02 5.270272947093512812e+02
7.622881841119968840e+02 3.039683733026465688e+02
1.683059415221821453e+01 5.885702841314510891e+01
9.197582671333631197e+02 2.375016269031827676e+02
2.005376424228290091e+02 9.797890729730611383e+02
4.840032961760028911e+02 9.103279891769448113e+02
1.146524858712683113e+02 1.817348950965882466e+02
2.366919499644547500e+02 9.076144414264158513e+02
8.918716536326521691e+02 4.822946031337459658e+02
3.333648338527337387e+02 9.722776395899556690e+01
1.680894313897710504e+02 1.962311895946804441e+02
6.874590536722258776e+02 4.256255234424658624e+02
8.735222876670583219e+02 8.030416593315669616e+01
7.278594347563149540e+02 4.531209107494725572e+02
7.547040146044896574e+02 3.413626603716061254e+02
3.237912720529869830e+02 3.267818863686323425e+02
2.185188792525261192e+02 8.244065473487544295e+02
2.545072888855980295e+02 1.127142773397602440e+02
3.762277356919122440e+02 3.977583651269764005e+02
6.182615000087181443e+02 2.523342670723990295e+02
8.809839322396961734e+02 6.760206419372728988e+02
2.357188429713884545e+02 8.448948930504440114e+02
4.476506410657732431e+02 9.482053704420890199e+02
7.498765993282712543e+02 2.954021611685519844e+01
3.232619690682731743e+02 5.700125019357893308e+01
3.733897428386220554e+02 7.104099475508640182e+01
4.659378728731565502e+02 8.596723293539055248e+02
6.167138362007422074e+02 6.841863355493587733e+02
5.923938305346024435e+02 6.868369002164710082e+02
7.098439235725008984e+02 7.499533660895277762e+02
9.044982155595257609e+02 1.240511956824286131e+02
6.137636628511356207e+01 4.706768384227775073e+02
7.583339131503716999e+02 3.813107907843859152e+02
8.952317953207013943e+02 3.443068485452680534e+02
7.416991346467360700e+02 7.007137713901114466e+02
7.394406339080341013e+02 9.456661305434744236e+01
9.093293521506518573e+02 6.178083704864620813e+02
7.265673485510297951e+02 7.333593197728544055e+02
2.620680543349651543e+02 3.576245653308862416e+02
6.796424971604828897e+02 4.928530050828335902e+02
6.339636206002705876e+02 9.600581901548920882e+01
9.841617212118524094e+02 2.840733476850240322e+02
9.872990716663665012e+01 3.935371020458466660e+02
9.922087576827857447e+02 7.501599594446694255e+02
3.453658968242504557e+02 5.832805942891568520e+02
7.609502972263805987e+02 9.798191651403958531e+02
6.921371701613333016e+02 7.309117521117752858e+02
3.093107079128890859e+02 9.254667958142722455e+02
9.740872205660681402e+02 2.085978965280282864e+02
7.091168173947553441e+02 8.847552733078747451e+02
1.157994780042239711e+02 6.765086705806528471e+02
8.162087166171547779e+02 9.196441376990831031e+02
6.474920222838997006e+02 9.760293890910201071e+02
5.867987043886795391e+02 9.844063603201431079e+02
7.287192566925749588e+02 8.387150550354410825e+02
3.820970828529143546e+02 5.103285390488441067e+02
6.112076099569683265e+02 8.326316199152913669e+02
5.275282041064580199e+02 3.567585872952880663e+02
4.976758973354755966e+01 8.345655592304931361e+02
9.831294078772772309e+02 4.060219144909746660e+02
6.567185122320792061e+02 1.117551849686959642e+01
7.107610046125711278e+02 6.568473916131727037e+02
4.240044814758252301e+02 4.955878643745203931e+02
3.019809722357753685e+02 4.149745661178406522e+02
4.198690004542745555e+02 3.048752696606751442e+02
4.352693984854474252e+02 7.150091163224003310e+01
7.138167808668549696e+02 1.903724479750670184e+02
3.377040817621963242e+02 6.401073670177501072e+02
5.215664311892052183e+02 7.522888708271779912e+00
7.440580440568685390e+02 2.567286372793412283e+02
5.479992664559585336e+01 6.363890734066002608e+01
3.606651323189278173e+02 4.521039543327851788e+02
9.729276347385620056e+02 8.995939397607370438e+02
8.625468634645524162e+02 9.520566340791679067e+02
5.792197861969426640e+02 2.436073440692339034e+02
2.033100884048683099e+02 5.674106613719930010e+02
3.538706833331621624e+02 5.997552995458164560e+02
2.029592226468292040e+02 8.795795311308008024e+01
1.264617319870597889e+00 1.521913867918252095e+02
2.658903890277164450e+01 5.583301841644645265e+02
3.075068369854159300e+02 6.269955088672926422e+02
7.185244884539739587e+02 4.235773400087646792e+02
7.063036944592236068e+02 3.216999471500513437e+02
1.562230904904038375e+00 6.548468564563218024e+02
8.510769882913909896e+02 3.744479660527503029e+02
3.875118816005012263e+02 9.619183221018920449e+02
8.756329013581482741e+02 1.234240309281988743e+02
3.447994193153613907e+01 1.510373112576857011e+02
5.843789526609743916e+02 7.218917657711654101e+02
6.368026313571277797e+02 2.933395773046473209e+02
3.925176722100235338e+02 6.204405939858393140e+02
8.824621959971013894e+02 5.701832907110576798e+02
2.356302206960474450e+02 2.932278478565032174e+02
1.808669734525658512e+01 9.236949227615214113e+02
4.119099747798793487e+01 3.664710487031304069e+02
3.158910885648926978e+02 8.478184756846312666e+02
2.017875394242512073e+02 1.274930919887796676e+02
7.054361668453383345e+02 3.581226538600915887e+02
3.369118884797404121e+02 1.909390838774455119e+02
5.433158619823489062e+02 5.714905403983153747e+02
9.463525733374183346e+02 9.453795673980956735e+02
7.286200693728928854e+02 6.836499069486894768e+02
4.801912132791121621e+02 9.472174566357523418e+02
4.901491898175542019e+02 9.699844415217000915e+02
4.760993411907269319e+02 4.810988042280990271e+02
1.428554550100599272e+02 6.875761673235152784e+02
8.917164544813281282e+02 2.400759553158886490e+02
3.460698148575282858e+02 8.615603991648821420e+02
9.172578556631031006e+02 8.862135693851502083e+01
6.782461958505834900e+02 4.405896748569487613e+02
7.218717007226440501e+02 6.532695857992441688e+02
2.078057663814928446e+02 8.458552155780599833e+02
1.102369097736869463e+02 2.379105304688684441e+02
2.827437843869522567e+02 1.756106321825420196e+02
6.982281636564391647e+01 6.776651383953276309e+02
1.603238469785000007e+02 4.311195030447493082e+02
4.855390117658486560e+01 7.471037751280191515e+02
7.391946784409437896e+02 3.929865493499586933e+02
5.259757441089627719e+02 3.551442223332932144e+02
2.786565688819114825e+02 4.685424263062523096e+02
3.271235060866699769e+02 2.364938248109434937e+02
4.207724449895858925e+02 7.008752461495279249e+02
6.016174137924494971e+02 2.618101783964485776e+02
5.966343150357108698e+02 3.065471259835549631e+02
9.590984692615055565e+02 4.337172738997355737e+02
6.619743913447462091e+02 2.707301631831826398e+02
4.441651381148060409e+02 8.195469682717761088e+02
3.441199736033628653e+01 6.878615211523249400e+02
3.638945298088911500e+02 2.349342764077685501e+02
5.888191523458533538e+02 3.181734520948351701e+02
5.362651328186717592e+02 2.264136180960757372e+02
2.761870138416233544e+02 3.773516994036610868e+02
1.751082016217431203e+02 9.506137860812746112e+02
4.976306267510428825e+02 3.478571683076552290e+02
4.368905078602522849e+02 3.872098923218372306e+02
8.204368868815785163e+02 8.549891392882360606e+02
2.444116312722927091e+02 4.798056906046943482e+01
2.863318444622078118e+02 8.112855804495242182e+02
4.980428998134656240e+02 2.159999174258748837e+02
3.143857867150749144e+02 6.343480095896636328e+01
4.794133123748256367e+02 9.181735911779055641e+02
4.274703036240549068e+02 5.886938551836390161e+02
3.173662545232583057e+02 6.830566863981812276e+02
3.009327045901850397e+02 3.434392510990634833e+02
4.460750900158060404e+02 1.009883590103400905e+02
2.504927611294070005e+02 1.843334383368695626e+02
3.765419743276067379e+02 5.035485709120947035e+02
7.833832259435977221e+02 3.363459239064592339e+02
4.622413918696778410e+02 6.049895064395304871e+02
9.430159581303331606e+02 4.394863608049361687e+02
4.187357129495131858e+02 9.473772043895810384e+02
2.708845377360207181e+02 4.090566025076054757e+02
2.748050266954909944e+02 6.437955622095392982e+01
3.158795273782989170e+02 9.501319134518126930e+02
3.582733835295619542e+02 1.259480775327087514e+02
8.131319149303550375e+01 6.457530281426149088e+01
5.843007194474884045e+02 4.055741699209121975e+02
5.561063896558214310e+02 2.144352979168429130e+01
1.555957953090949673e+02 3.601435514107373024e+02
3.766768220798492166e+02 1.505685159496755716e+02
7.991073154460631258e+02 9.147927240842208221e+02
6.202639878656009387e+02 5.251849476518096935e+02
4.690706399346850048e+02 8.779361958520088365e+02
8.418197855557605180e+02 8.690132215523127570e+02
1.774854369578859803e+01 9.599605471180353788e+02
1.555186839326350068e+01 4.819288595845837335e+02
7.529998211009454963e+02 4.601729458316846717e+02
8.494692620996900132e+02 8.928220823375046393e+02
2.981042706654537255e+02 7.722585197098968592e+02
9.475943936697039760e+01 7.474759179447064525e+02
9.795652389520015504e+02 8.850805163680919918e+01
9.659848422574768847e+02 8.706036696016615224e+02
6.254892745879302538e+02 5.562391636487724327e+02
3.517020395059234943e+02 6.018656860050075608e+01
7.925950999911894996e+02 1.593491569715543932e+01
6.013794315201492964e+02 5.303051960062704211e+02
1.797088424150319383e+02 8.640307484450389666e+02
6.279843807906772781e+02 9.774534280979315781e+02
3.287705752854402022e+02 5.037377119259166420e+02
8.520600680333601531e+02 3.987125967268991644e+02
3.098138049386637363e+02 8.100597587746472072e+01
4.371272252186652167e+02 5.235098749564510854e+02
1.910657478589936602e+02 8.960954271295130411e+02
3.502996574168618622e+02 8.593247744707699098e+01
2.764489382582162307e+02 5.965740965713962396e+02
3.335472917217381337e+02 7.451079310239421147e+02
9.785771177400810075e+02 5.019526404313278363e+02
1.372047000106717576e+02 7.724281058409331990e+01
5.053216281458474555e+02 1.642243450551113995e+02
6.231943477701786378e+02 1.950685408680949990e+02
3.127823372035614966e+02 9.041959642446489624e+02
6.376676083260844052e+02 5.638633653260408209e+02
7.011958366551049266e+02 6.488770226265331758e+02
3.947591395126756311e+02 7.521672778995671251e+02
1.911611853926099514e+02 5.719458984367880703e+02
1.809548556292656087e+02 4.552411290278735123e+02
7.511891314221189759e+02 5.698544290574280922e+02
9.075478063295683739e+01 1.204624758012509176e+02
3.833856996928464014e+02 4.044524627082526536e+02
5.952458610683347615e+02 1.144392855740130557e+02
7.261720161480045590e+02 1.944022075528624214e+02
9.109215180488566830e+02 3.060330905210994956e+01
5.326043112533180874e+02 2.122553906774512598e+02
2.622220321068987801e+02 5.496186197622476755e+01
7.628202772097287152e+02 8.662620634042317533e+02
5.621325503863373569e+02 6.289452814174229616e+02
4.310549481811639794e+02 8.761720815426092486e+02
7.425419602788698512e+02 2.472036672117696696e+02
7.433166952591808467e+02 6.591741982576802457e+02
2.873172033258797242e+01 8.838121523126358170e+02
9.846691110690489950e+02 8.606029272867873487e+02
2.796559773689132271e+02 5.486650139624191524e+02
2.942821357339775545e+02 6.211952377438767599e+02
2.225065120305044104e+02 9.674150059729411169e+02
8.743024068977309753e+02 3.573103291486447119e+02
9.454744956369443116e+02 3.795943146570398312e+02
7.264334538641115842e+02 6.103112074793074271e+02
8.083783567857774415e+02 8.173258291872233485e+02
3.341415413803827761e+01 4.290807500932176595e+02
4.114417881284415657e+00 4.117879994463432354e+02
8.768708711530513256e+02 2.368692595122916487e+02
4.334956642301309557e+02 4.353132443786973340e+02
1.957104328214631721e+02 1.055199498873654562e+02
6.074802154881418801e+02 5.316532275551182920e+02
8.345274394940790899e+02 3.297430326864140397e+02
4.615985729603183927e+02 5.572837479536701721e+02
8.237027705004500149e+02 5.086083877953411161e+02
6.589096485079496688e+02 3.267359380320984314e+02
1.521739070542387253e+02 9.327190834809736089e+02
9.910965209856108231e+02 7.894497490863418534e+02
4.782714893513122547e+02 7.930675286246058704e+02
7.173383584473524479e+02 4.929742696456877979e+02
2.346076422742425791e+02 1.105107806493877973e+02
1.291164490888665455e+02 5.557578594065191737e+02
1.226479567395521997e+00 2.854905205974368414e+02
5.606660526982365411e+01 3.598726648937640107e+02
1.850013587636389900e+01 8.890184505836220978e+02
7.906725442965839648e+02 2.643850422379755400e+02
9.367695842191453721e+02 4.947281144630788390e+02
7.851410182722236186e+02 2.666179752657308200e+02
7.094056442908944291e+02 2.535940957730302614e+02
5.379595665841424079e+02 6.303303948702587149e+02
2.643130684944572550e+01 4.753949787561223275e+02
7.324401125844098033e+02 8.143770461133250365e+02
9.580110520650983972e+02 8.529116564793802127e+02
8.061991525586366834e+02 5.714633977854119848e+02
6.819056580946726172e+02 3.722042713947120092e+02
7.136352713401622623e+02 1.577924975736027022e+02
4.296247070148885427e+02 2.997050213890900636e+02
5.913337945592877531e+02 2.092177372295027737e+02
4.567635308351716503e+02 2.586057140515254105e+02
9.473260026326106527e+02 4.761569696552955406e+02
7.253412912126150331e+02 3.921871001420884681e+02
2.848515090646834551e+02 4.936974874082722522e+02
8.328101020811367334e+02 3.792737223659091796e+02
7.459796065691863305e+02 5.287102995380026869e+02
7.602753322912113845e+02 1.683981688109895742e+02
4.869850136097708742e+02 4.331803177167765853e+02
9.318273652931488868e+02 6.667425599677703758e+02
4.741640928408358491e+02 6.752538344076824615e+02
5.109910810893403550e+02 7.811674446106294454e+02
5.372868285503809602e+02 5.725572280500662146e+02
5.216193952322678484e+01 9.972261804951310751e+02
7.788453843665087106e+02 6.751583496905990387e+02
4.030290642809454198e+02 6.774341514119889780e+02
5.958790730317724638e+02 1.275990598391865092e+02
6.594309371862765374e+02 5.718982121883686887e+01
5.307961317385970688e+02 3.232870867444989926e+02
1.498564583346297923e+02 8.286515916370636887e+02
8.162292852038511626e+00 6.584014277012771572e+02
5.809683873682828334e+02 5.874834965656295935e+02
9.523468428183965671e+02 2.837735122705441313e+02
7.094439043264871998e+02 3.255603273133776838e+02
7.784493536339974753e+02 4.419276921742372224e+02
8.111657752321641510e+02 9.576002372376434835e+01
6.381092887914793437e+02 8.658715685482059143e+02
7.430821975341879124e+02 1.006727853723827764e+02
7.447437323216503273e+02 2.834577509605878731e+02
9.752671341949543375e+02 1.902219790333770177e+01
9.592060568139149836e+02 8.752426997403002815e+02
1.146479469968869580e+02 3.488867174629283454e+02
2.448709346782689238e+02 1.828622622419752020e+02
8.178448599147674258e+02 8.097229731097338572e+02
9.547250659598768152e+02 3.305232486082457513e+02
2.088337409375535856e+02 5.188700148698775365e+02
6.015608538226746305e+01 3.524434015292361551e+02
6.441887858878208135e+02 8.797921555962988123e+02
8.689201523056291308e+02 8.287606539813524478e+02
3.788789587085940980e+02 5.924890950124247411e+02
7.453983730648759547e+02 2.760924188811875268e+01
9.827987191570351797e+02 4.784238905657142027e+02
1.053600198350978019e+02 4.127892375689972368e+02
1.628914275499215947e+01 1.425571276539983145e+01
2.768835963482243301e+02 6.338649355030355537e+02
9.042557697201240217e+02 3.072954389456542685e+02
4.959108156079591367e+02 4.308316343089589964e+02
1.823848907836940327e+02 7.710864804948665778e+02
6.307812856641457984e+02 9.360884798082831821e+02
5.872646850714203310e+02 7.262667532793908549e+02
4.015764629839138138e+02 7.915133390780396212e+02
4.764006223754554412e+02 4.172166035514920281e+02
9.760187440603496611e+01 3.466859473271057936e+02
1.021796899393173703e+02 7.452147741523873492e+02
1.062365999630351325e+02 5.737405103214335895e+02
2.557580202377247645e+02 4.176458330560142258e+02
2.164806614255311388e+02 2.215376710072317508e+02
4.074064250768863076e+02 8.210648787778044380e+02
5.077548471369054255e+02 9.009599750758250138e+02
