3.790985254337700781e+02 5.670981671796140517e+02
5.955925126571219153e+02 4.498588988554525940e+02
4.570198253947186231e+02 3.116509978753955465e+02
3.133373611975703739e+02 2.948594610015804278e+02
5.307724612356263378e+02 3.962220215994188948e+02
7.187503721849593603e+02 5.480919969498904720e+02
5.820750827071410640e+02 1.676509377910481078e+02
2.927719759739544259e+01 2.087419179140104291e+02
2.257543657767857681e+01 6.346744421866867469e+02
2.244417391997393167e+02 3.983098703010920190e+02
6.195007984120342144e+02 1.948497434464235845e+00
3.566996876236427738e+01 3.767895525194313677e+02
2.164444340733765557e+02 4.048454828536602008e+02
8.659941335573602146e+02 2.557234202085063544e+02
6.014348792249553526e+02 2.269013408510269869e+02
2.060879474631185246e+02 1.759199361277308356e+02
8.885993262120672398e+02 6.715822963723029488e+02
3.758203674256510567e+02 1.798798449939376098e+01
3.525379118118491419e+02 3.060227625247702576e+02
4.233424506461418559e+02 3.941061884142317240e+02
5.690135908363270119e+02 5.751778692306263565e+02
6.232828041751412229e+02 2.497665162910431889e+02
1.309454633729532134e+02 2.450731610062559866e+02
9.893300527459689420e+02 9.569592935418556863e+02
7.115764135230283500e+02 7.676115740419203348e+02
8.694693688587750557e+01 9.028118459872475796e+02
5.375014817017364521e+02 9.894442813170346085e+01
8.125945489088434215e+02 5.300534116638986006e+02
6.950708555045416688e+02 3.318716477651059336e+02
9.655551628860770279e+02 2.501179233661036108e+02
2.413824774385149396e+02 9.696807065302482442e+01
6.121772791607862700e+02 5.178368630163431590e+02
4.653255057729648456e+02 8.442382076652287424e+02
4.398949748317252215e+02 8.437708587447598347e+02
6.485964093513452156e+01 8.439821316397432156e+02
3.287570161425914534e+02 4.320164574705885911e+02
2.627444730005213955e+02 6.506904863304080209e+02
7.826413945779475512e+01 1.075407701962909357e+02
2.855637965052923732e+02 4.560194162110664706e+01
9.608175421588782683e+02 1.616414734422066957e+01
6.035017741864835443e+02 6.733061733547586982e+02
9.417110326758313477e+02 7.100432587709465224e+02
3.255601902775359235e+02 1.015576356341487667e+02
4.723946139617156632e+02 3.070009714400088114e+02
5.572196197668690729e+02 3.303651113406019704e+02
3.244552837826748259e+02 9.794668643678343187e+02
7.969030205434560230e+02 9.886250822357301331e+02
7.940994130836331522e+01 4.588355578091533289e+02
8.668238568425944095e+02 4.791520749274267246e+02
8.072629602096219514e+02 2.336377051592464227e+01
6.023989538220865825e+02 7.733242788163808257e+01
5.442000525379087321e+02 4.919652509624783221e+01
7.399430301840194488e+02 5.030198434529128235e+02
4.707386031654825587e+01 2.263274673920834346e+01
8.264925631446832313e+02 3.756554606230915283e+02
7.153825888037701475e+00 5.040274075072137805e+01
8.227646207266282090e+02 9.685839284015373778e+02
5.262875813469903505e+02 1.611759446921082883e+02
4.758266756315785528e+02 4.876641861203469261e+02
1.513376050829304802e+02 2.248571844500323209e+02
3.037778899837316544e+02 2.750310998003874374e+02
3.965254897106664771e+02 7.083110386181417653e+02
8.321721417468572781e+02 6.357336172086434090e+02
6.509657745532659874e+02 1.522940010425322122e+01
3.440471670401262827e+02 7.272867476157535975e+02
6.289003864128716259e+02 3.778685451330593423e+02
6.260925718039012366e+01 3.375684730702271850e+02
1.600254555972053936e+02 7.226689495322584662e+02
1.730931300118506613e+02 8.422481647276833883e+02
7.367702902739850970e+02 3.326829434673577452e+02
1.306820766709471116e+02 8.653825058943665454e+02
8.452925824887813633e+02 3.749966095986256960e+02
5.323085601027814846e+02 4.575191353985592855e+02
1.039485092289966701e+02 8.717671133945292468e+02
6.062894705162657374e+02 7.387998101526993366e+01
6.424681524050680537e+02 7.239193710057170392e+02
3.691865071096329416e+02 2.020384963121720716e+02
9.091032399944687370e+00 4.020088691488401764e+02
1.262594512993172629e+02 3.635457183657944142e+02
7.226961155679107378e+02 3.255529680721685963e+02
5.149358531982370550e+02 2.760704204091046563e+02
2.504534307855652457e+02 7.233124522720339655e+02
2.539201314573159607e+02 3.734759612527108743e+02
9.076344047373237345e+02 2.468034257921553092e+02
5.126085489868577270e+02 7.717663867108216209e+02
1.170165544883343642e+02 6.317882208027297111e+02
2.315180861377135102e+02 2.463587423980242477e+02
9.323630404524863025e+02 3.874253826105563689e+02
8.622013181488019029e+01 3.372697683293512938e+00
4.037871821464715936e+02 9.960554712854305990e+02
5.977474715985368903e+02 7.565852748646938153e+02
5.731808163485851537e+02 1.218569058135066143e+02
4.505201763099586856e+02 3.897067321909015618e+02
2.205500638766388875e+02 9.055837001727738880e+02
2.807532119404681907e+02 1.402052911810757223e+02
4.929785051928998882e+02 4.541022360616045148e+02
7.219998572759237732e+02 6.814973240384759947e+02
4.421304749502302798e+02 9.798313610103699602e+02
4.827192882477859825e+01 7.662509070775629425e+02
9.872911987146479760e+02 2.542433641809046492e+02
7.142632915699776959e+02 1.200832082315853597e+02
4.615504522419533373e+02 5.066705895061907086e+02
6.188996973551385281e+02 3.725278916656251909e+02
3.580405210625151540e+02 4.574617394473895615e+02
6.236710136991516720e+02 7.944189074761677603e+02
8.704704271813469063e+00 1.458412012822757333e+02
2.749511620092659570e+01 6.395353874183892913e+02
9.900558986392968563e+02 6.854707734883664898e+02
4.463969824564541113e+02 1.795677800217543449e+02
4.426140401678391072e+02 2.352600792464265567e+01
4.299469510443795457e+02 5.867173589188823257e+01
8.624067312515243202e+02 2.437705939948806702e+02
7.690464622349672936e+02 7.678754262816735263e+02
8.483965734069913651e+02 9.199154106868514873e+02
8.232778535107555626e+02 9.272385392844229557e+01
4.321684519514573708e+02 5.771653770331419508e+01
1.424512036047088657e+02 4.380958809860320002e+02
1.462044728977528507e+02 4.267208413369980349e+02
7.874908774611346871e+02 7.513539561091630503e+01
4.939473521869531965e+02 4.025524401072543128e+02
5.103007282559361784e+02 2.772400054821648610e+02
4.349806972932320832e+02 4.247360225542826697e+02
9.610285994782564103e+02 8.970355542250332519e+02
7.271183670229919471e+02 2.337497931415376513e+02
8.744613441277277843e+02 5.583092780713080856e+02
6.983082362218017352e+02 8.776781624681984795e+02
2.332700052730110087e+02 7.331233481010967807e+02
5.249377113366492722e+02 7.712895306386302536e+02
7.186736516627630635e+02 2.510272981318579752e+02
6.944635902221992865e+02 7.718369295159025114e+02
2.730765051199669529e+02 1.798849452091419892e+02
4.689334792874162190e+02 2.739892065436443431e+02
6.137871165479380124e+02 4.316243073385156208e+02
2.402573682349085082e+00 8.396294056303821662e+02
7.251189982682684558e+02 6.678128371031635879e+02
1.080822154550467076e+02 7.730500868262571430e+02
1.747691972076933382e+02 8.272019011827710528e+02
8.891893630875473491e+02 2.544462325195118169e+01
3.874818140942703053e+02 8.989381043127409043e+01
7.937967015495365786e+02 9.230304279750116621e+02
3.795463639865221808e+02 7.538329182481600128e+02
3.940691738994694759e+01 8.596104495654881248e+02
3.187615702588913109e+02 6.575000911349201260e+02
7.194649669192729107e+02 5.768766730283931565e+02
4.722958220538351384e+02 7.352932890603827900e+02
5.485662239017327693e+02 5.187240461355789876e+02
1.385709780804568254e+02 4.872733369372358538e+02
4.264285717599216810e+02 2.576283624159668761e+02
7.124489238259814101e+02 4.750598996962467595e+02
1.630230274422529533e+02 5.874708754446182866e+02
3.211584645870000259e+02 3.071512697188616130e+02
6.740513335982123522e+01 6.208848129831567348e+02
8.178271248847157722e+02 1.521666269912513769e+01
5.667215678997511077e+02 3.771195581796972078e+02
3.949396636277842276e+02 9.645414548080862005e+02
6.596277629645984462e+02 8.029051236653953083e+02
2.609492029391235945e+01 6.832151248029579165e+02
5.694530486300334360e+02 5.565607801415638960e+02
5.847078794152411092e+02 3.801519888714211106e+02
8.527053262102705276e+02 1.152780592970751314e+02
7.258646329806783797e+02 7.040005620279093819e+02
1.457026908885847831e+02 2.379019265677214605e+02
9.643340596222819840e+02 8.297177748548506315e+02
4.738531483037610315e+02 6.946701274216093225e+01
5.420998814706973690e+02 8.141958007067828476e+02
1.106115132440211823e+02 7.118578685761423230e+01
7.693046187790890826e+02 9.745694047693448283e+02
7.292707847339063676e+01 7.119456132622009363e+02
7.881851041584018276e+02 8.373331665930537611e+02
1.498030769724204561e+02 7.370682577263347639e+02
1.942986198156839635e+02 3.074514524550786376e+01
8.992612943267098444e+02 3.521225070360711840e+01
2.742318449140446432e+02 2.508634417030450834e+02
6.361446998639698904e+02 2.260908496498973363e+02
2.662201537219184502e+02 6.559894740448464745e+02
3.495410944197408867e+02 2.341047385975418820e+02
5.251539630799700262e+02 6.774676676311348729e+02
3.762983519674152149e+02 6.308447759475739076e+02
4.101831698859126618e+01 2.416940577299693302e+02
5.615540867795299391e+02 5.207924495883094096e+02
2.527700110829505036e+02 6.584714274185296290e+02
2.780663805435738141e+02 9.240048755208676994e+02
7.039464028668306810e+02 1.814232218588731484e+02
6.668940491822837657e+02 9.211632013949480324e+02
7.806172804678975581e+02 6.422824816963212946e+00
4.354199812647140675e+02 1.901703765140674420e+02
8.928909212431030937e+02 3.632188618460991734e+02
4.371558836677616000e+02 4.830240786669381805e+02
5.973556310463263799e+02 4.884002905455486712e+02
6.444167018221286298e+02 2.713695299526169720e+02
5.887438251108475242e+02 6.738243624776952174e+02
5.422214477929081795e+02 4.054545659325832503e+02
9.526581126013088863e+01 1.349303326983901741e+02
4.150799140823435778e+02 5.788970882359720918e+02
8.628180747970981201e+02 2.430622805696971511e+02
4.575169835824186748e+02 8.702461793675089439e+02
5.640672429517018145e+02 7.023294021234315778e+02
4.363780370483008255e+02 1.231895553802130365e+02
5.204682924915366584e+02 3.125016774585064354e+02
3.051808777281808034e+02 9.867749821000895736e+02
9.414616363469814360e+02 2.795790208671688788e+02
9.139118691033994537e+02 4.653098681394957339e+02
1.337305143460984027e+02 9.220836896248114272e+02
1.065194188078286714e+02 8.911999772348749502e+02
3.430095787876174995e+02 1.454435969644183331e+02
3.181290706968295012e+02 1.802089231490803343e+02
4.622476719246445782e+02 1.781267721575404721e+02
1.321697630417968412e+02 2.245280323068655832e+02
6.343750001112188102e+02 5.946127689921421222e+01
4.059594412686047349e+02 4.299141828434885042e+02
3.058353016778773394e+02 5.420347416026039582e+02
5.585280245108698409e+02 9.461963015241597077e+02
1.084938724710933258e+02 7.761419144435203634e+02
5.388805510395732199e+02 6.856393312473892365e+02
2.132791788370547295e+02 8.330350665405052268e+02
7.712203576296595884e+02 8.698650507842562547e+02
1.639708338064691588e+02 6.838209531059433175e+02
7.085277370927530001e+02 6.149106630395439197e+02
5.791131301249890839e+02 2.784343414740098055e+01
7.403875364841163673e+02 6.577097904853915225e+02
8.077524093637230180e+02 1.266165316753379244e+02
6.164366863235933351e+02 7.545814382543704824e+02
8.332318712350878513e+02 7.056839565026563150e+02
7.596610052965680779e+02 5.565046724110673040e+02
1.665126923628553754e+02 7.451944379003805352e+01
4.411160772728148913e+02 2.982050005078721142e+02
2.728892054823874673e+02 6.002655904530635098e+02
2.889449314067398404e+02 7.367605203231964879e+02
3.474741549738568835e+01 9.605860683862784981e+02
8.070660329036021494e+02 4.678629377525527389e+02
5.762432826899029124e+02 5.431886843438582702e+01
5.003414287512978262e+02 9.241464269722172276e+02
2.065151930258243169e+02 8.971580615704432375e+02
8.501714620437636540e+02 8.234862435352025614e+02
9.171268544338140316e+00 6.002105525780807511e+02
5.039730533999040745e+02 3.570905878197595484e+02
4.217825758925175705e+02 7.753779587908197755e+02
2.433311226297683163e+02 4.441937530191326573e+02
6.946018516064048072e+02 4.752542555623250564e+02
7.356184890147638953e+02 1.761012216482262716e+02
6.352470929602771577e+01 5.743610234003814412e+02
7.624733286943516077e+02 3.282190117497727329e+02
5.130311100287621002e+02 1.743370594036030070e+02
8.314886686660382793e+02 6.277015948436445569e+02
9.215750853913906440e+02 6.886101409822257438e+02
7.529109672026534383e+01 6.435083301001209293e+02
8.253476430871442915e+01 4.612494494086249830e+01
7.466053173537740122e+02 3.038370691008760218e+02
5.591212981294323754e+02 3.911141210404983894e+02
9.987652354995054793e+02 4.675215543839063912e+02
9.740085481079509009e+02 1.032212291656897563e+01
3.418455916259144090e+01 6.059354367015513390e+02
3.546497272552605864e+02 8.367039303112588868e+02
2.184168082919726430e+02 2.124883343238994655e+02
9.373496696850213539e+01 4.981805636137725060e+02
7.394156698043943834e+02 4.826451551836458975e+02
3.668923354329323416e+01 4.855723861151728471e+01
6.822558458581349896e+02 6.507116744503471182e+02
2.357827794269348090e+02 3.058255523271610059e+02
6.932266297400122994e+02 3.878495705811578773e+02
5.455879758095002217e+02 9.917662649565170341e+02
4.478655379203016196e+02 6.529237311804124602e+02
3.587285074003052614e+02 3.075052341304116226e+02
6.055594143983801132e+02 4.051350947405186957e+02
4.639514196462262134e+02 8.701724547941366836e+02
3.770571254523740095e+02 9.301100427312841248e+02
8.895745940233082365e+02 9.204281600635704308e+02
9.918616135910389175e+02 5.365950107336782366e+02
2.513424185633900265e+02 4.435264254314033110e+02
5.674659478035393079e+01 2.453040472712941877e+01
1.497928410913265225e+02 5.038236666694328960e+02
2.557374990461997868e+02 5.892694181377955687e+01
3.546571245154147505e+02 2.200502272228791583e+02
8.679113017136845656e+02 9.741699117162971788e+01
7.555319338553963462e+02 6.515681125906062334e+02
6.480261396537578378e+01 4.900538357856129892e+02
7.279319106839764117e+02 7.874093360507506532e+02
8.678195862165274548e+02 1.108569430904633464e+02
4.131368065565937968e+02 7.172910083328335986e+02
3.405998049350028509e+02 4.928850672483766857e+02
7.646328073371263372e+02 4.832101626304435626e+02
8.694138093553974613e+02 9.778560948813415052e+02
2.922786770925641804e+02 2.618619247514467361e+02
3.624683758704986190e+02 7.395444137303858270e+02
4.017314388034448598e+02 1.563154225489961107e+02
7.358718761929430912e+02 2.422452124743848003e+02
8.534170363326442157e+02 9.603126579344518632e+02
9.779542877672084842e+02 7.561992218253669762e+02
7.822602455239817800e+02 8.216160416060990883e+02
7.717101889201333051e+02 7.329678936141100394e+02
1.597822802064274867e+02 3.551138988572555490e+02
3.473239091832244299e+02 2.050866125895044547e+02
4.014041616448411673e+02 2.667428017945402416e+02
3.890616544460921773e+02 1.001685267017080605e+02
3.185648224296328976e+02 4.989237299411730646e+02
8.742531343631249001e+02 4.092406541864225460e+02
9.031924300603780011e+02 8.611901250050893850e+02
1.463213148529524119e+02 4.047196804186648933e+02
7.008969664174918535e+02 3.917170425667171685e+01
1.113538810666882028e+02 5.338412934137381853e+02
2.280080008398801397e+02 4.242502534900260969e+01
8.034233991367379701e+00 5.818225298511791834e+02
2.644229262296390175e+02 5.422902286208462783e+02
6.489615138344329637e+01 8.518604423703725388e+02
1.940623880531555585e+02 8.644093561515901456e+02
3.173811278261488269e+02 2.898630331004998766e+02
2.797661953827441721e+02 5.313440674284356646e+02
9.504714022340348265e+02 2.322254011858050262e+02
7.521171140182856334e+02 8.943679136999840011e+02
4.815349000114710343e+00 2.442817614141638103e+02
6.849005304683275881e+02 7.281002991023747200e+02
5.471341509443329869e+02 6.915057709094157872e+02
9.173260444845021766e+02 4.505420175996107446e+02
8.923366740303927145e+02 1.108947688903125766e+02
6.798858866204599281e+02 7.653402847269401263e+02
1.439119456714011847e+02 5.720388765963737114e+02
7.765977952604674783e+02 4.567346776848535228e+02
3.025618728087805493e+02 2.774849126215827937e+02
7.250243209073830712e+02 6.218437336138627103e+01
8.650253692300843795e+02 6.396146476010278548e+02
6.518457533517547517e+02 8.460025576248552852e+02
3.817552062189599837e+01 5.861133974847633681e+02
6.683852248308472781e+02 7.353355420648255176e+02
1.310708655771423139e+02 5.487249148495791360e+02
6.658816727821182440e+02 3.445046582483968223e+02
1.209793006690695805e+01 3.688494980337559923e+02
6.914615850424908103e+02 1.573397641031200180e+02
8.842902032161151737e+02 8.766328614060129212e+02
3.116045811741108196e+02 7.301268877230598946e+02
2.127249121587060472e+02 7.134233658491905317e+02
9.492338878944373448e+01 4.345772004207066743e+02
2.712241588302095465e+02 9.229008083174194610e+01
3.399583097021059643e+02 5.721906500722428746e+02
3.511067493228047169e+02 6.509239885960971606e+02
5.449916785141620039e+02 4.281768803368972840e+02
3.311608895722906176e+00 1.373172987742310447e+00
4.617021374280783164e+01 3.344004211359771261e+02
2.853867415188168479e+02 7.073611029498671314e+02
3.881700783762376261e+00 1.299851278671099237e+02
7.730933885192107482e+02 4.440699130585215926e+02
6.592597182584303255e+02 2.336149873140237503e+02
2.395252242285261843e+02 9.669970443742492989e+02
6.339615234401424004e+02 7.565321266326524210e+02
9.110768817823900463e+02 5.498625752509245785e+02
1.435463905488195735e+02 5.619141254344710887e+02
2.653421645507509652e+02 8.388175118700822850e+02
9.833903769482163852e+02 6.738865808786272282e+02
6.512650328409254143e+02 4.829422379871025441e+02
1.387200612693189044e+02 8.355547099487879450e+02
7.616316635809281479e+02 8.761737970962242343e+02
8.073516959290817567e+02 6.500170828702858898e+02
5.459377365970170786e+02 9.030704766789709481e+01
8.384340490931848535e+02 4.027936354380142916e+02
9.040846305130404517e+02 6.706760952081714322e+02
1.091615032062561710e+02 4.404590951499970402e+02
8.820290337054798329e+02 1.045498291699841218e+02
5.144085699395398024e+02 3.623494602223486822e+02
9.430161253206380252e+02 1.405757234995073190e+02
8.827854199804135078e+02 4.149947801136974022e+02
4.465113638948521384e+02 3.564062618211900713e+02
5.221872524946157910e+02 7.290719087372417562e+02
7.878055705945467935e+02 5.301812274510624547e+02
4.739270707728225034e+02 4.623308517151447745e+02
2.981639163179172769e+00 6.240909863216827489e+02
8.491126352532629653e+02 3.793542636450459895e+02
1.742498961591454361e+02 6.694858664799983217e+02
9.296317110885102011e+02 2.819824489402346330e+02
4.793688286672176559e+02 3.393273705172126142e+02
8.611447778169535923e+02 2.829875558353145237e+01
6.876294857864047572e+02 9.658341068925691388e+02
4.014978002887443722e+02 1.844786323612348440e+02
3.455041464102559416e+02 8.032063397841188817e+02
4.156116949338499467e+02 5.200567266474080270e+02
4.308804551518229573e+02 6.584277390063258508e+02
6.945179374818090992e+02 2.136557656543859309e+02
6.276441024440254068e+02 5.934839577716539907e+02
7.713932237783438950e+02 3.755321923975053551e+02
2.623183182649985383e+02 6.156255454492836634e+02
7.462384035003416329e+02 4.259157522901653010e+02
4.767860997307687967e+02 9.473547372044781696e+02
6.705780498848316711e+02 3.591526777905893368e+02
9.964128513082645213e+02 7.846459707915264516e+02
1.549432539817414636e+02 5.667829451132999452e+01
5.889633858826133519e+02 1.671044798465104577e+02
2.101987838471644920e+02 4.651703441248922388e+01
1.892054438106203236e+02 2.113180131177053624e+02
4.024546571291847954e+02 8.275583718433887270e+01
4.336987202683072269e+02 3.500160136352869813e+02
4.297750787532129948e+02 1.557313791096058821e+02
5.257304033190446262e+02 8.206720394934468459e+02
6.343455150539117540e+02 8.595655323591999775e+01
9.147245020134724882e+02 4.191275663317147746e+02
9.605576402189647069e+02 6.191879097318609411e+02
5.107454919672238525e+00 4.398614700482150397e+01
4.315136875091943693e+02 2.137750913511415973e+01
2.781886795412131619e+02 1.422438653299564635e+02
2.657304210731736589e+02 2.426966935970751251e+02
3.600923022187099036e+02 9.373284201625615424e+02
8.533281554592618932e+02 3.064599033759873805e+02
1.290829686689890536e+02 8.413429259128087097e+02
3.096371515372175054e+02 6.618273189040453417e+02
6.294721895068691992e+02 6.311620990955914294e+02
6.022130351059473696e+01 6.944992188457482598e+02
8.914114281624807745e+02 6.989416016954563702e+02
9.038258443890376839e+02 4.099931916830302612e+02
1.468180264646422586e+02 2.500228775682461446e+02
4.914022393561672288e+02 4.803642949383434484e+02
4.516933228588364386e+02 8.425740978582319940e+02
4.598407925003644436e+01 5.119338625810688654e+02
6.072133406858256421e+02 5.286025069455740777e+02
6.511365149670889707e+01 8.679229202047374656e+02
4.063290126830872850e+02 8.106516227766005613e+02
6.714578273375540221e+02 1.034500409769605369e+02
7.586075476916867046e+02 5.768783327288418832e+02
8.032152370294935508e+02 2.017810690054704423e+02
2.319327811104558918e+02 9.107013867567288798e+02
4.862322056868365507e+02 7.852586944268757634e+02
2.975171277143892894e+02 9.799623289275311890e+02
8.132178937473053111e+02 9.673997154539080157e+02
9.616159076302754016e+00 6.575769259556614088e+02
4.009407630338135391e+02 6.746797383623051019e+02
1.450879610506822246e+02 2.132618102086028102e+02
5.209213288140047098e+02 6.591779753233927863e+01
1.765760911522543779e+02 2.586459120363593378e+00
8.152816878308309470e+02 3.760783873229332812e+02
8.820912755092590487e+02 9.158016241001953404e+02
8.029120182126762302e+02 9.066826350360898914e+02
7.611478232109232067e+02 5.939688578670332397e+00
2.912432313021870982e+02 1.665941224415445987e+01
5.417557390297489661e+01 4.606544481319540978e+02
4.130252524405110535e+02 6.879595012794765125e+02
1.371106252877469842e+02 2.598656199769931163e+02
5.736534495945803656e+02 6.691609593380198930e+02
6.359144223970253051e+02 5.918255498649368747e+02
7.892091323851641391e+02 2.831768996849211248e+02
6.546523268847291774e+02 3.843231623316818286e+02
6.682424659697616107e+02 3.473834641035637105e+02
6.841896669470536381e+02 1.045485994022099590e+02
6.718931855482231867e+02 5.276741791282544227e+02
3.928625954070348598e+02 2.552513177625546064e+02
9.932838724325929434e+02 9.308519997545560045e+02
8.572368102016746434e+02 5.410981444495748747e+02
9.390820927236691205e+02 5.472652143306607968e+02
2.657478700671192087e+02 8.919805716430704479e+02
4.114152148287803925e+02 7.688116705770021042e+01
3.232917184577474927e+02 4.244275027820449964e+02
2.504252705313736449e+00 1.661295803450536539e+02
6.079367459188611633e+01 5.181186969617763225e+02
5.826956528631776564e+02 4.342506611812157757e+01
1.264013726821252561e+02 7.353538804226161574e+02
5.563043446369592857e+02 4.003259154950494576e+02
8.125183552427762379e+02 3.441782075430905934e+02
3.229891731335957843e+02 3.626924961329021926e+02
8.272432019143307116e+02 7.807304426277129039e+01
2.558599818149070870e+02 5.937471725502246045e+02
2.799638694834962962e+02 3.128193757868816647e+02
1.403716189296089212e+01 9.738957033219102186e+02
9.604012631922149694e+02 5.175940097232763719e+02
6.130247871461992872e+02 5.503197317119700074e+02
1.483459366481195616e+02 3.264518929596971475e+02
8.503906744433979839e+02 2.245752955325903599e+02
3.032507257946243158e+02 3.051246169101812029e+02
7.459666206944517626e+02 7.917183375132450465e+02
4.261830514253683759e+02 6.816806254090357697e+02
9.759185294070025520e+02 9.018095695270642409e+02
8.139652768368570150e+02 2.137850438985163919e+02
7.545299269433638756e+02 3.878047383962951358e+02
7.913990854405194568e+02 4.115426098499507361e+02
9.869614736260612062e+02 2.440183688527968116e+02
6.060656648666356432e+02 7.233174081266959092e+02
3.523636183956145942e+02 2.597863175128817375e+02
4.751877316740300330e+02 6.785193667816403149e+02
4.942870313158746853e+02 8.062452240361818667e+02
9.002280723360959200e+02 5.988036127039212033e+02
3.269692962242264116e+02 7.992547436374243262e+02
2.486494816516802189e+02 8.994507252929885226e+02
4.051791634995739741e+02 6.610955891183908761e+02
2.451265845010366320e+02 7.455778002862899712e+02
5.035424882785511045e+02 9.968310561285849190e+02
2.240835384841593054e+02 6.251463102489254879e+02
1.250856860033682239e+02 9.505248343945471561e+02
6.034919692762099430e+02 1.676825786388814663e+02
3.023626817185772779e+02 7.900515018497497977e+02
2.598909855745198456e+02 3.558126888343644509e+02
4.110344573358014486e+02 2.014946210034054275e+02
7.943826174411417185e+01 9.926794745656426358e+02
9.632116331446829918e+02 9.733597262413384499e+01
6.701329000115829615e+01 2.116433583138058623e+02
8.690778074162735720e+02 3.672250261035393351e+02
1.749035779688412617e+01 6.826331908167372831e+02
2.537614184571106364e+02 3.756529478215827567e+02
3.990805932385804908e+02 1.094884625785026486e+02
3.292147445310002922e+02 4.592397036914251771e+02
8.739583675260954010e+01 8.253201254146662222e+02
8.806250203165371886e+02 6.134082879245819413e+02
4.816425075367872637e+02 7.985845061793810373e+02
2.441482859749707472e+02 6.483531786808821380e+02
2.795386346091001997e+02 5.232421290419286919e+01
1.783434224260397230e+02 4.751892805024959898e+02
3.780933582910824953e+02 7.754016422751359414e+02
5.179630058286561507e+02 8.359422013927561466e+02
1.136890753193422512e+02 1.803900001847010799e+02
4.400654106686817499e+02 2.907287480200121195e+02
5.445875380173570335e+01 7.798985184780657391e+02
4.919029547238643545e+02 8.363213414298154191e+01
7.781215952513530283e+02 5.991148040624327820e+01
1.834674764679783436e+02 2.093053638047859408e+02
8.507201253578933802e+02 7.047186577120806987e+02
3.375206419007784575e+02 3.713967529242351020e+02
8.947379101536124324e+01 9.792642376491162395e+02
6.167282574429167141e+01 7.069625641938661147e+02
4.022215907932074970e+02 8.599894342236177636e+02
5.903438369584058591e+02 9.666359178608763614e+02
7.422879181167318166e+02 3.980154488347776010e+01
8.626927323924531947e+02 4.028707097506891728e+02
3.194893059532625443e+02 5.134479295500706257e+02
5.750361594698891849e+02 2.092866882975492615e+02
6.482621956258052478e+02 9.097296827870563902e+02
7.658890827050803409e+02 8.146598784861207605e+02
8.948614684915044108e+02 5.515388914432395495e+01
2.431084584559158941e+02 7.077699489797917067e+02
5.685856916802990781e+02 3.828062006385098925e+02
7.264359806044597008e+02 2.469460890690648966e+02
3.466629718863572975e+02 4.101192650913211537e+02
7.997616726719448934e+02 4.937235116874139180e+02
2.377157447706875644e+02 2.342852045423514653e+02
3.384021133025811992e+02 9.526094940451089315e+02
6.096972657300003817e+01 9.263981798608565441e+02
6.611921643118589600e+02 3.614106762647822961e+02
9.362404359985544033e+01 9.183959242505980001e+02
7.054599791307088026e+02 7.667069904440450046e+02
5.209068932628950961e+02 1.416170634745162999e+02
2.055068846202593420e+02 7.161020307766846145e+02
2.250696850294542273e+01 1.868954158585961522e+02
9.394285816405090372e+02 7.465380825297224874e+02
4.524359603599194202e+02 9.228121647271095753e+02
4.908464651538279213e+02 1.415013411313771314e+02
4.400563738156727709e+02 2.282225102931834115e+01
7.348384300124502033e+02 6.837832609341262469e+02
2.801521863929119718e+02 5.038598297487051241e+02
1.818594832186633994e+02 4.816102746793481515e+02
3.304428497267040257e+02 3.642579514877414226e+02
8.099373267056059831e+02 7.085343527093610874e+02
6.143709460171203318e+02 6.059738589568575406e+01
9.993226757300200234e+02 5.849529607417820216e+02
2.682105391214381029e+02 5.808782748523238979e+02
9.733503297993981960e+02 4.212747728359840380e+02
9.959157706014887879e+01 4.052862212420957917e+02
7.720699570258085487e+02 8.582151204579992054e+02
1.710076996593483614e+02 3.407828268750624261e+02
9.764016898998993383e+02 8.532946694299674846e+02
4.257624970382394167e+02 5.949357081929138076e+02
8.453137104868258120e+02 2.368764188968912663e+02
2.964461691479068008e+02 1.450194385695248229e+02
9.477704262769598245e+02 4.497824976848723395e+02
1.299830153105682200e+02 2.458246861716090166e+02
9.646855613013875654e+02 7.283437107942047817e+01
8.708794802883321609e+02 4.476406053490655523e+01
3.146609441661248638e+02 3.831261922844434480e+02
7.131614279076055709e+02 3.597175702284095564e+02
8.878875152809163183e+02 8.905264223429541062e+02
4.560176941161118407e+02 8.717847834558966724e+01
4.924725966357279816e+01 6.531253918379136394e+02
8.629122989487586892e+02 1.493926081316022589e+02
5.066281317185325861e+02 3.526434160590360420e+02
1.385713599101288196e+02 5.886085558334921188e+02
9.274023033002068814e+02 4.976361078123716766e+02
5.230604495578710385e+02 7.302729792460071394e+02
1.491798560063148784e+02 6.138995589538109243e+02
1.737507993978546494e+02 2.539137008513409057e+02
7.499590738112038935e+02 7.333956277620262654e+02
8.618586893846967314e+02 2.641013173253774653e+02
9.133874776295967877e+02 4.271797597878568240e+02
7.618244261206015153e+02 9.299317817416056187e+02
9.488233299203910747e+02 9.864426831297265608e+02
3.532421477826759428e+02 7.811404678509167070e+02
6.508590013931508338e+02 2.187868143434775732e+02
1.904995859823126523e+02 2.079034303462139519e+02
9.821920414159594657e+02 3.822670829532973471e+02
2.547577305274919581e+02 2.085393408998664881e+02
7.113417911867693419e+02 5.501951361819468502e+02
5.433317939523479936e+02 7.288802617902464362e+02
7.866299597402482391e+01 1.952233356819973551e+02
4.204103833038748235e+02 1.353643346873224402e+02
9.713735551884861934e+02 8.845719217987445973e+02
1.591648675509867985e+02 5.542300703045752925e+02
4.208625583085545827e+02 9.199398707417055903e+02
5.374638793567514767e+02 9.853288448896547607e+02
6.746910133900729534e+01 3.448625098745798709e+02
4.306533835049932577e+02 1.678484286700109180e+02
5.483677838706474859e+02 1.317847272223133928e+02
2.679285134632058885e+01 4.851484311535688789e+02
1.030788255174854839e+02 7.492834355935499389e+02
2.290498935635040141e+02 4.424499413576087363e+02
3.137342131591817065e+02 9.420434568819893002e+02
8.108710305376251881e+02 3.026277349006867325e+02
6.393516869983535571e+02 4.811969031401337702e+02
5.963527377940152974e+02 8.118404231892491225e+02
2.859796928257392210e+02 8.041305105800826141e+02
7.272552232713837839e+02 3.598654192364297728e+02
3.141959557504359069e+01 8.490580784486892298e+02
7.743083560350378320e+02 1.811532076798793014e+02
6.016980423725752871e+02 8.086512581493296921e+02
5.900366172139832770e+02 3.460886248340526663e+02
3.124672112081280488e+02 2.192470282889091848e+01
9.597999875538473589e+02 1.421982706192725843e+01
1.800214790089209487e+02 1.506809094598188210e+02
6.596881787027579094e+02 3.386211463734073277e+02
2.127283350630767700e+02 4.683832880059486570e+02
1.639978075005110725e+01 1.238732310726965409e+02
6.652556699196248928e+02 5.597943949314188217e+01
1.314120568731136274e+01 7.303149836828457637e+02
3.132685741934400312e+02 9.760741351186637758e+02
1.790828655158937011e+02 5.110389910791357693e+02
3.223727568673372161e+02 6.552900514211123664e+02
6.979729599183770006e+01 3.943859941073304185e+02
5.618679755918432051e+01 7.986960850986681635e+02
6.762525919289166723e+02 3.284750064651213961e+02
4.260403970656481079e+02 4.856228317835776807e+02
5.042367850532413058e+02 8.135553420075150370e+02
9.944176199773099825e+02 3.153397058365620182e+02
3.197408799448425611e+02 1.291877116203091873e+02
7.393837898597691947e+02 8.089195243164739395e+02
3.909353700925084354e+02 3.596749292389975494e+02
2.130955960281394255e+02 3.123038814293406062e+02
2.344635566897725880e+02 9.946595893941696431e+02
4.914300776037263745e+02 6.476485427412843592e+02
5.674411584626017202e+02 3.676611287848476763e+02
6.114669891269750224e+02 8.345203099565890170e+02
7.087419242310993468e+02 5.315670199566698102e+02
6.423556314669149288e+02 4.747305330386018909e+02
2.273119885607347612e+02 9.974916226048668477e+02
3.867342917373291016e+02 8.996859727707249021e+02
4.091219811087536300e+02 9.397009277808978140e+02
6.977812529196186233e+02 7.383792252951909632e+02
4.050373018707993538e+02 5.296923619096887705e+02
7.729630935449293929e+02 1.059114359242194752e+02
2.755163445175561492e+02 9.593315824335703610e+02
2.973502173502646997e+02 8.415741357250665260e+02
4.756712395367555928e+02 2.918017892659003678e+02
5.689331744497961836e+02 9.475716415468659761e+02
2.170034739941495516e+01 9.079633581022106625e+01
9.430363198164925507e+02 6.667013575652639474e+02
6.884827977259594718e+02 7.034716928358795940e+02
4.881342664630728905e+02 3.043415648529240798e+02
4.314315258229173367e+01 6.841969519805184063e+02
3.297479216254562857e+02 7.363126599530260137e+02
8.065901089162229027e+02 6.783044216661056680e+02
4.290221085680285569e+02 9.142020096111060639e+02
2.824002775959910849e+01 9.694659641009332063e+02
8.499853696804716492e+02 7.455366846114209238e+02
8.070595100286319621e+02 4.061693013115791473e+02
1.674350649454814288e+01 8.494662674393269981e+02
6.915579766856116066e+02 4.262471257032810286e+02
5.896376642730645017e+02 3.050684231582288248e+02
9.504862948723175577e+02 7.186257503780087745e+02
9.503618107168495044e+02 8.283902957687278104e+02
4.117689112101937781e+02 7.559531019032905874e+01
9.793005803371634954e+01 3.835636092081988977e+02
7.008421087409349184e+02 4.065367093567956545e+02
6.422725004328714249e+02 6.776186489923926501e+02
5.386207571116193549e+02 4.928099263865715329e+01
4.868232112244683663e+02 7.639871960504884782e+02
5.047980640809763599e+02 3.528896188282988078e+02
7.698914194192884679e+02 4.456721848402385149e+02
3.179066468503535248e+02 5.911445024839389362e+02
3.606002083949377948e+02 6.338216099413335769e+02
5.765644559597676562e+02 7.900289606936973996e+02
5.349451381289834444e+02 8.053175240283264884e+02
3.771229839454202306e+02 4.654401136542042536e+02
9.156073687146582074e+01 6.641127617587325176e+02
8.952183021163440344e+02 4.183011870824911966e+02
1.393145583617001364e+02 9.781954526732034765e+02
6.950212229815997489e+02 2.472288526834256572e+02
2.488361121142826846e+02 9.607153624139480144e+02
2.267229062780195079e+02 5.675522954042548918e+02
9.910873595302848571e+02 2.439737226898894846e+02
4.778907227556849193e+02 4.159063605772946630e+02
4.297236954433187748e+02 4.125373066928736989e+02
9.044978764168354246e+01 8.401655566796877110e+02
2.965766820441099298e+02 5.366876140934313071e+02
3.018825887987009082e+02 5.201630185862527469e+02
4.997567639482499544e+02 3.660784306207648342e+02
1.083880856394736583e+02 7.329427222786575840e+02
1.800594883370916364e+02 9.294858476446866007e+02
5.772625080521906966e+02 2.615022625876653137e+02
3.482007334730271850e+02 5.745487793104399543e+02
7.981367699730847107e+02 5.418783178096354050e+02
4.039854793744804624e+02 7.152579216560793611e+02
3.816540844763467248e+02 7.240124153212154852e+02
8.310651161829242710e+02 6.013035638238483216e+02
3.312039551462922873e+02 7.532224380812090203e+02
5.218529366023770990e+02 4.477634645953925201e+02
2.564582484399341524e+02 8.214903902297854756e+02
3.538878530351927907e+02 3.361053082724982914e+02
7.636257276512102408e+02 5.223784722407704066e+02
8.427493153056495885e+02 7.126100297339528424e+02
3.615113193047138225e+02 8.089862442080994924e+02
8.561304808910338124e+02 5.602579186617995219e+02
5.993340308717034759e+02 1.601961339903237445e+02
2.972988354964273299e+02 9.601656563972424010e+02
2.990925124215851838e+02 7.295125181532255283e+02
7.797172115893148430e+02 9.343254660187382115e+02
1.363347283186822168e+01 4.498361935105605767e+02
1.311706285405799122e+02 5.198090042625835849e+01
6.062045552099432371e+02 8.660635627415078943e+02
7.312923817337375567e+02 4.229321245465110906e+02
8.712810464548342679e+02 7.999249190428810152e+02
3.182168928744961818e+02 7.880001916413723393e+02
9.180986131624594009e+02 3.189562237932950097e+02
4.864536007674848861e+02 8.039800415131794580e+02
1.786262215440316368e+02 7.692315889410821228e+02
5.953721384938542087e+02 8.966738530205034294e+02
4.817971259145276122e+02 1.788775281374600468e+02
4.091962867598057869e+02 2.406935923009007183e+02
6.559152967063033657e+02 1.401602277469692410e+02
5.835502940595774817e+02 1.642140033224872582e+02
8.283306578149802135e+02 9.403501957516140237e+02
4.374482008574864835e+02 2.939051128118883298e+02
8.113042198388463930e+02 6.276473286365206832e+02
5.262599473600910187e+02 5.272222127292372988e+02
8.689323932516462037e+02 9.792159608298089779e+02
5.044482297832666404e+02 2.780738901855658582e+02
1.219227261867618068e+02 4.154429217228781113e+02
7.760952557266513168e+02 7.945068412374071158e+02
2.613840559613168466e+02 4.480656058222352272e+02
7.896770223328645670e+02 4.161681937281350656e+02
8.050969375691776122e+02 1.652480479594132703e+02
5.496238858573739208e+02 2.605085832193104807e+02
2.724660633935425267e+02 3.788124973163656932e+02
6.917195833688360551e+01 1.668370259246858609e+02
3.761640903697431781e+02 6.297425507315498407e+02
9.445935024170326244e+01 2.735104831990315688e+02
8.997674799251288960e+02 7.253718942797913769e+02
8.187075910467901849e+02 7.624381074561016476e+02
7.378839316222248499e+02 6.562856135410581828e+02
3.352818059253845036e+02 9.380549944123331443e+02
7.465097403576149304e+01 2.106788013774328761e+02
3.190964611025992781e+01 6.202895927409248316e+02
7.546741663429754681e+02 4.365533924931308718e+01
5.207244481266048979e+02 6.741004834349855628e+02
3.247339961153228316e+00 4.502364728917490879e+02
7.108463490138611860e+02 5.847936593208835632e+01
4.262330241796986456e+02 6.307759761299636239e+02
8.320553783781707580e+02 8.517493742154656502e+02
9.514148419139670523e+02 8.276991478498443939e+02
2.275686502271945244e+02 2.428546511337670211e+02
6.261247766532113701e+02 9.727931487775774713e+02
1.073245536886025064e+01 4.081052486031976514e+02
2.507579433911865010e+02 5.567510570926119726e+02
5.351261136192722461e+02 7.523718926364119852e+02
6.813927131742325400e+02 1.584293146423747487e+02
5.743771857496961957e+02 6.578981185714214917e+02
5.822445853203420256e+02 3.522813043218381495e+02
4.816818919915909305e+02 9.414996150066762084e+02
5.482168610577576828e+02 7.157201055882969740e+02
7.915834364098888045e+02 5.974951965630673385e+02
9.516891553447309207e+02 4.683316296083377210e+02
2.793660618333656771e+02 2.064055053041558097e+02
1.050638754120432026e+02 2.780136737844374011e+02
8.635372731964585000e+02 3.246411947803672433e+02
9.280795908953099342e+02 4.187705257643188475e+02
9.380348923086172590e+02 9.336680843800784260e+02
7.181238545313012764e+02 3.748444927287052337e+02
4.030431418869935101e+02 1.998381282674306476e+02
5.223685115540155266e+02 3.748632928623773068e+02
5.129160833764971130e+02 1.424614432872683878e+01
8.117673166017836195e+01 6.371727343732001145e+02
6.626220522607217163e+02 6.284445233371089898e+02
4.977374897912991969e+02 4.271169459450682098e+02
9.976163658257263478e+02 2.735557779347065548e+02
1.192579604588548392e+02 7.774287988498240338e+02
7.718017147040190196e+01 1.146390215770826160e+02
6.775215994271038653e+02 9.230280847068715957e+02
4.974828850513642919e+02 7.066774512804699953e+02
5.672485827730338315e+02 2.051370898279500921e+02
9.562081172089901884e+02 3.128234150425690530e+01
9.142761153767539781e+02 5.963624244149702918e+02
9.237588293073354180e+02 4.282016464459687199e+02
2.394730970025538141e+01 9.165165036950490958e+02
2.424509369213678767e+01 2.955412315857503813e+02
1.225692587083189125e+02 1.791112517212581849e+02
5.897344959478704141e+02 7.087515339096084972e+02
7.639763397081437688e+02 6.862911121985977161e+02
8.673062575032686539e+01 9.917039188906910567e+02
5.108090401243917427e+02 8.567143392340558421e+02
4.172064671714663859e+02 5.912360460936184836e+02
4.764696638973536551e+02 7.188478812190684266e+02
6.382918725334736791e+02 1.122882448911548465e+02
4.777515581453516234e+02 9.179529795274110029e+02
8.478680374626998173e+02 5.352592778980612138e+02
5.198338612645951571e+02 4.390173007932210112e+02
1.536126648325784174e+02 6.514289719976840161e+02
6.196078126464616389e+02 8.107252416803390815e+02
2.761357613630629544e+02 4.155867028134351244e+02
4.275242921344346314e+02 2.107265102518434219e+02
7.364528501290164968e+02 5.364065490152927396e+02
5.163028926633554647e+02 8.726556973806817723e+02
7.440165304284396370e+02 2.206492049648530838e+02
3.395464278789268633e+02 4.077505390649725996e+02
6.061432888755589374e+02 6.933701808885215314e+02
2.708809117204243648e+02 4.861286895007588100e+02
1.964714211240942063e+02 1.868290421235843155e+02
4.123764119581147156e+02 4.143339312246062605e+02
8.093281496791770451e+02 3.947056232275869547e+00
4.357846750849069508e+02 9.043860984191961734e+02
5.458159066520591978e+02 1.852469686673882165e+02
6.964757846838698470e+02 6.081044533306832136e+02
1.263874306488451680e+02 5.471765698246833409e+01
3.029271757920743084e+02 7.869576502999258310e+02
3.236225969627598715e+02 9.604621285443942043e+02
6.874404832117583055e+02 3.022613318385277807e+02
3.303592388490030771e+02 2.610125919543078226e+02
8.883088824230360387e+02 1.183558061229156237e+02
1.789818804026869259e+02 1.238567406335365746e+02
2.272525938805808323e+02 4.424692441008098740e+02
5.117156669111520273e+02 4.845175456881138984e+02
1.024777667196676845e+02 3.007590050194806963e+02
9.114675882052382576e+02 5.698549864953109818e+02
8.623939730374481769e+02 3.441693216681678109e+02
3.207696499889711959e+02 5.203694958348908131e+02
3.331881020681015571e+02 3.609097005138503960e+02
5.392904985606394774e+01 3.277551652527815804e+02
8.204403089893168044e+02 9.423314667582263837e+02
6.071686080151444003e+02 7.807258286142551924e+02
8.984887018463950881e+02 3.696961129260885173e+02
9.933779125068065241e+01 4.043167832799097141e+02
3.860396941044692767e+02 8.315010935182974663e+02
2.466117478578819942e+02 8.659118888485725165e+02
4.316841870368049854e+02 4.832063976400787624e+02
5.485825511389942903e+02 7.073221926487917699e+02
5.697054786153188388e+02 8.382076766807323054e+01
4.824837561809222279e+02 8.612263411039319863e+02
5.275687726775557707e+01 2.880383947116594641e+02
4.950919853234446464e+02 1.780445789570727015e+02
2.011433383358940574e+01 5.811161988015024917e+02
6.297844971052356868e+02 8.294841926211609007e+02
1.555882811489954634e+02 8.815549158294631980e+02
3.326402110241377841e+02 6.043597078842838073e+02
3.991272168672922476e+02 5.171721082041852924e+02
9.563806103989048779e+02 7.055725677421553428e+02
1.495070993450756589e+02 3.871778682310455224e+02
4.662939894478113274e+02 6.042267109921828450e+01
4.425318817216108300e+02 7.072407926588366536e+02
8.190293953047245168e+01 4.620667304168794089e+02
1.209935927478896787e+02 8.184446132272501018e+02
8.778058324091772420e+02 1.427638056294109390e+02
1.458020691937691424e+02 5.515217674226358113e+00
5.833694515510046585e+02 5.904816830102308813e+02
4.359146766306309928e+01 3.848001238962353909e+02
7.989053659702211689e+02 7.951229271780922545e+02
7.067685555018787227e+02 2.120151910795431434e+02
7.831409961253812071e+02 7.010184179973794016e+02
8.731055312210460215e+02 9.212256006376530877e+02
9.555114767754971581e+02 6.070783254162853382e+02
5.919083805658189021e+02 7.599128938801601407e+02
7.977865624464322991e+02 9.920714182551878366e+02
7.742197711506508995e+02 7.801095235122326130e+02
3.582291893075451981e+02 9.993363867663495057e+02
7.448195793418542507e+02 5.391928100360712506e+02
7.383368018337089325e+02 4.063546287876684460e+01
6.783578398688428024e+02 1.354030779695454214e+02
3.971425221781477148e+02 8.124230375993728330e+02
4.845197475916913845e+02 6.208544338582889850e+02
9.516795466962369119e+02 2.995278972353737572e+02
2.230643126185773895e+02 1.542780679317731085e+02
1.629387769505049732e+02 5.771190196222886470e+01
5.723406890080726726e+02 9.148039759369427202e+02
9.193728109116494807e+02 1.085221531104307857e+01
2.403480247951927993e+02 6.976825721082217342e+02
2.819550048461471192e+02 5.582699809506707425e+02
2.803894371202263756e+02 6.143685611673379299e+02
8.307097884235166703e+02 4.838219420919422760e+02
6.712612951064211302e+02 3.723895857458643377e+02
7.397276306193726896e+02 1.520588655709285035e+02
8.249558969990217747e+02 8.932846867602452221e+02
3.939714344055473703e+02 1.210295945958782511e+02
1.281137424676540491e+02 7.877868019160997619e+02
7.615431276380759300e+02 3.250856777167906557e+02
2.325565272424745444e+02 9.672440685985311575e+02
2.221620783151388991e+02 4.853633688254245158e+02
4.718839888213109930e+02 5.839855115780005690e+02
9.504943670501870656e+02 3.018118997481818155e+02
4.401296079133454100e+02 9.812421698638896714e+02
5.939726441032439652e+02 7.517927590707802210e+02
9.061941302777327110e+02 4.707538905909479467e+02
8.284407875691219942e+02 1.141691096280585924e+02
8.062817579212140799e+02 3.212647970913092763e+02
4.758022382360111919e+02 2.952415483246151240e+01
7.634421083047814136e+02 8.605303555075466875e+02
5.200560136338123129e+02 5.310114211806688900e+02
9.985060352948878517e+02 3.256272954271619824e+02
8.505381337677749798e+02 7.130393503434775084e+02
6.993516538372596187e+02 9.112364497447764506e+02
2.614185783009564830e+02 2.163576494484342660e+01
2.040355521146979356e+02 8.316751739897938478e+02
8.184040375655891921e+02 1.678628411055514960e+02
4.735928170308349081e+02 2.589902000380006797e+01
3.455532726249862776e+02 4.177950557517809784e+02
4.216138037175598470e+02 3.354069284555924924e+02
8.150307410663737073e+01 5.647752999038442567e+02
8.548923723144419284e+01 7.702025745898382638e+02
1.065334020004419244e+02 7.197403742569392762e+02
5.358357958427019412e+02 8.861424640581119547e+02
5.068788574530802293e+02 5.792482681789231265e+02
9.807054906040960987e+02 9.834703828901156157e+02
1.138426424578693457e+02 1.520681619587718103e+02
7.859562204401714780e+01 4.528647861615122565e+02
5.111030961046658661e+01 9.755439657043112902e+02
4.451105184252970162e+02 5.470061845529052107e+02
5.020428252353516996e+02 6.060711779645067736e+02
6.410650700829246489e+02 4.487533296194309287e+02
7.736457955286884953e+02 5.643149698195748698e+01
5.359365570742145337e+02 2.486110049141734351e+02
7.234271260264036982e+02 2.039541333691812213e+02
1.078752254637246324e+02 3.941040524855288396e+01
4.290615777309628811e+02 5.439858553373775294e+02
7.836393427677371619e+02 7.314685033179878246e+02
7.373894186668254633e+02 7.109901429887038375e+02
9.325546548226114965e+02 6.453487341273755646e+02
6.087734752649655547e+02 9.700757898955980352e+01
2.950137165012386617e+02 4.542452962043412867e+02
5.227950374184052862e+02 7.188204731300568255e+02
3.741087301217193044e+02 9.456597535161723727e+02
9.274320370409183170e+02 2.172570423054920354e+02
3.663708650018598973e+02 8.371737703052198185e+02
4.028738792118159608e+02 9.896047407170907491e+02
9.857470410509617977e+02 8.532970041879198106e+02
1.161937554494674174e-02 5.826637990339648923e+02
9.706443121600732411e+02 8.611290847668832384e+02
8.833131989921317881e+02 4.691939707522566891e+02
2.865842700287540765e+02 5.779799440077516692e+02
5.767764358483443630e+02 7.669323596399095777e+02
8.043183297828336435e+02 1.222180663668803646e+01
4.584013736138321633e+02 6.656173110827891151e+02
4.207581108255165248e+01 2.510848731504372608e+02
8.695824792390878883e+02 2.700069401502842652e+02
3.311086308303054011e+02 7.544004066280620009e+02
9.070608485098665597e+02 2.173586944637296767e+02
4.682609122281017449e+02 9.712839731435884687e+02
7.598408404775370855e+02 6.800660230486726050e+02
7.181810692757267134e+02 7.603808514228271633e+02
9.416405447311315129e+02 7.077101740443890776e+02
3.513010269710826492e+02 8.150471582502902947e+02
9.521923857613790005e+02 8.715702481246914886e+02
4.415752759999527370e+02 3.502499747439036071e+01
8.924577876480012719e+02 1.667718577647516724e+02
9.872575350114145749e+02 5.074084389466304401e+02
1.655236890999558454e+02 7.869046000677215034e+02
5.446127755003495849e+02 2.832280334417994823e+02
1.099683379812055364e+02 1.294212838621806441e+02
7.691709646728028247e+02 4.876799386502165135e+02
4.702566063503263081e+02 9.075136108464331528e+02
8.505247370836854088e+02 4.324424910311373083e+02
7.300650272531862583e+02 8.148976086740269693e+02
3.818803746321063386e+02 1.347894061093752782e+02
9.439492628788534603e+02 2.380487911318999181e+02
9.520011693180003931e+02 2.364204564832911331e+02
7.453058555738585937e+02 7.978072133792002774e+01
4.858921762048892106e+02 6.511188786338864247e+02
7.688956314097232507e+02 3.806681930139130827e+02
7.141291078509218551e+02 1.075511553955763588e+02
7.592177122301275176e+02 9.535129194510110437e+02
5.475126192042042703e+02 6.228831942155732548e+00
6.956598751576266295e+02 6.828301409136212214e+02
8.315268976447044906e+02 7.052104361796988314e+02
1.376413646637832926e+02 7.346197188606828377e+02
3.797676643380077053e+02 8.419698086605058052e+02
5.859132630104656982e+02 4.249133745166787435e+02
4.674802833369159316e+02 6.299705633809004439e+02
4.277842443512524824e+02 1.189456732874295568e+02
5.856202347183227630e+02 8.687017245816170998e+02
6.884663480148828967e+02 5.361997105046301613e+02
3.663254491545379210e+02 3.485418493557244233e+02
3.066972597490092767e+02 9.427082037715683782e+02
6.566016401938479703e+02 2.274264077000555062e+02
7.325076576901361705e+02 2.575756253339469595e+02
3.883078435490551215e+02 3.985471692207170804e+02
1.255000561500263530e+02 1.790357184702425855e+02
9.229159922049260558e+02 9.575571374876857362e+02
2.339007036222378133e+02 3.005614386582844588e+01
6.089601760851342078e+02 9.338841746751525363e+01
7.988654300161401522e+01 1.525862781051745642e+01
3.632784435240087078e+02 4.906157801131363385e+02
1.850200115181741580e+02 4.254292290048470591e+02
5.029608116607194006e+02 5.439692969606294355e+02
2.529536202705218173e+01 9.614102948466297676e+02
4.725172648803344373e+02 2.227558207435521638e+02
8.628790574444200274e+02 1.974359515080615779e+02
3.953151328241618785e+02 4.256373808094424476e+02
4.563384641122011089e+02 3.155044167039412741e+02
4.636360861677659955e+02 3.086209926362171245e+02
1.300184247400015813e+01 4.796958300131389592e+02
3.024086230942135671e+02 9.165722604554994177e+02
3.919531148867910701e+02 3.953272247666064345e+02
2.813271186059829176e+01 1.904982785851243534e+02
4.788274317311393702e+02 6.097522384366526467e+02
9.310995372001355008e+02 1.593032961720135461e+02
1.602164225698565758e+02 9.476119923414618142e+02
4.072721827583900449e+02 4.373652428519995397e+02
